D:\Арсен 20-06-11\Новая папка (2)\CRYOTON\AVERAGED\00002301.000\00002301.R0l 
20 30
64 895
2127
2587
3002
3344
3586
3702
3665
3502
3285
3048
2829
2661
2583
2612
2712
2827
2906
2895
2742
2466
2143
1800
1462
1156
910
792
840
1027
1325
1709
2152
2000
2526
3007
3420
3741
3945
4009
3912
3760
3589
3430
3319
3287
3321
3413
3514
3575
3546
3378
3120
2810
2475
2139
1826
1562
1343
1271
1321
1469
1690
1959
1859
2438
2974
3447
3834
4115
4268
4222
4124
4005
3895
3827
3830
3870
3957
4047
4092
4048
3868
3640
3359
3046
2725
2419
2151
1843
1663
1590
1601
1671
1780
1690
2302
2874
3386
3820
4158
4381
4381
4330
4257
4190
4158
4190
4244
4334
4418
4456
4403
4220
4024
3771
3482
3178
2881
2610
2234
1969
1795
1690
1632
1602
1477
2096
2676
3201
3655
4023
4288
4335
4332
4305
4282
4287
4347
4426
4531
4623
4664
4615
4439
4264
4029
3753
3455
3155
2871
2459
2140
1895
1705
1550
1413
1205
1797
2350
2854
3293
3656
3930
4030
4082
4109
4135
4185
4281
4402
4538
4654
4715
4687
4535
4357
4116
3830
3515
3188
2868
2459
2125
1850
1615
1404
1198
861
1382
1868
2307
2690
3007
3247
3414
3534
3628
3718
3826
3972
4156
4344
4505
4607
4620
4514
4298
4016
3683
3314
2926
2533
2176
1877
1620
1390
1171
947
470
859
1226
1566
1869
2130
2340
2553
2730
2893
3067
3275
3540
3801
4067
4302
4470
4535
4461
4158
3784
3357
2895
2415
1937
1603
1342
1137
969
820
672
76
322
562
792
1007
1202
1372
1635
1870
2104
2363
2673
3061
3401
3747
4059
4296
4415
4375
3977
3503
2973
2408
1828
1255
960
754
617
528
466
410
-316
-217
-109
6
127
252
379
670
945
1231
1556
1950
2440
2857
3282
3669
3971
4142
4135
3668
3120
2513
1872
1219
578
325
178
112
106
134
174
-703
-751
-775
-773
-745
-690
-607
-326
-52
244
595
1032
1584
2071
2568
3023
3385
3601
3620
3145
2584
1963
1306
641
-6
-225
-322
-324
-257
-146
-19
-1079
-1269
-1420
-1527
-1587
-1597
-1552
-1344
-1133
-886
-570
-152
400
946
1503
2015
2425
2675
2708
2322
1845
1304
729
148
-409
-614
-682
-642
-522
-350
-156
-1439
-1761
-2029
-2235
-2374
-2439
-2423
-2369
-2304
-2190
-1992
-1676
-1205
-617
-15
537
978
1247
1279
1113
850
523
161
-204
-541
-766
-838
-789
-648
-448
-221
-1765
-2084
-2359
-2598
-2807
-2993
-3162
-3299
-3422
-3495
-3484
-3352
-3066
-2625
-2144
-1658
-1201
-807
-512
-339
-251
-229
-257
-317
-392
-442
-438
-398
-338
-276
-230
-2044
-2341
-2605
-2859
-3120
-3408
-3744
-4092
-4424
-4705
-4900
-4974
-4891
-4612
-4266
-3861
-3403
-2899
-2355
-1806
-1328
-919
-574
-291
-67
34
91
98
54
-44
-202
-2273
-2531
-2770
-3022
-3319
-3695
-4181
-4743
-5287
-5778
-6182
-6465
-6590
-6483
-6284
-5971
-5524
-4921
-4139
-3208
-2336
-1533
-810
-178
351
598
699
667
511
242
-127
-2449
-2656
-2855
-3092
-3412
-3862
-4486
-5247
-5988
-6675
-7275
-7751
-8069
-8143
-8099
-7888
-7460
-6766
-5755
-4468
-3227
-2056
-981
-27
782
1181
1336
1271
1011
582
8
-2569
-2714
-2863
-3074
-3407
-3919
-4671
-5598
-6505
-7357
-8119
-8757
-9236
-9497
-9614
-9510
-9107
-8327
-7093
-5508
-3956
-2476
-1107
112
1143
1718
1950
1876
1536
969
214
-2632
-2706
-2796
-2973
-3310
-3877
-4747
-5792
-6815
-7782
-8658
-9408
-10000
-10450
-10731
-10736
-10360
-9498
-8044
-6250
-4477
-2778
-1204
190
1353
2143
2490
2447
2066
1401
504
-2651
-2751
-2864
-3055
-3390
-3937
-4760
-5848
-6913
-7923
-8850
-9663
-10334
-10767
-11043
-11059
-10717
-9916
-8556
-6707
-4869
-3092
-1425
80
1375
2144
2502
2499
2185
1611
825
-2643
-2769
-2904
-3109
-3444
-3970
-4746
-5821
-6870
-7868
-8790
-9611
-10304
-10719
-10986
-11011
-10700
-9957
-8689
-6872
-5055
-3286
-1613
-81
1259
2025
2412
2467
2239
1773
1118
-2611
-2760
-2916
-3133
-3466
-3970
-4699
-5713
-6700
-7638
-8508
-9288
-9958
-10353
-10610
-10643
-10361
-9676
-8498
-6783
-5058
-3368
-1758
-272
1044
1817
2244
2369
2236
1890
1376
-2554
-2725
-2899
-3126
-3454
-3933
-4611
-5526
-6412
-7253
-8032
-8734
-9341
-9715
-9964
-10004
-9752
-9125
-8038
-6479
-4900
-3343
-1851
-465
772
1556
2025
2221
2187
1963
1592
-2474
-2662
-2851
-3084
-3403
-3854
-4477
-5264
-6019
-6732
-7391
-7984
-8499
-8855
-9096
-9146
-8925
-8357
-7364
-5999
-4604
-3220
-1884
-636
484
1272
1779
2042
2101
1995
1763
-2373
-2573
-2771
-3005
-3311
-3727
-4292
-4928
-5532
-6096
-6613
-7076
-7478
-7819
-8056
-8118
-7933
-7428
-6531
-5382
-4195
-3005
-1848
-761
221
1001
1532
1849
1989
1987
1881
-2253
-2478
-2697
-2937
-3223
-3581
-4038
-4507
-4940
-5342
-5716
-6068
-6400
-6701
-6930
-7016
-6886
-6466
-5684
-4726
-3718
-2696
-1696
-754
91
879
1426
1768
1942
1984
1931
-2116
-2355
-2586
-2822
-3078
-3369
-3707
-4023
-4299
-4553
-4798
-5052
-5328
-5597
-5828
-5947
-5881
-5556
-4897
-4089
-3219
-2323
-1438
-601
150
901
1420
1743
1907
1949
1906
-1961
-2207
-2440
-2664
-2881
-3095
-3307
-3474
-3598
-3708
-3829
-3990
-4215
-4460
-4700
-4860
-4866
-4643
-4116
-3432
-2674
-1879
-1084
-326
356
1035
1489
1757
1875
1880
1811
-1787
-2031
-2259
-2464
-2635
-2764
-2843
-2856
-2825
-2788
-2781
-2845
-3016
-3243
-3498
-3705
-3789
-3674
-3284
-2716
-2061
-1357
-642
45
669
1247
1608
1792
1836
1776
1653
-1593
-1829
-2046
-2224
-2343
-2381
-2320
-2169
-1970
-1772
-1625
-1579
-1683
-1897
-2172
-2431
-2598
-2596
-2349
-1901
-1356
-749
-121
490
1047
1503
1752
1831
1780
1635
1436
-1377
-1600
-1801
-1948
-2009
-1952
-1746
-1408
-1019
-641
-333
-156
-172
-376
-674
-988
-1241
-1355
-1254
-950
-536
-50
468
981
1451
1772
1895
1857
1697
1454
1168
