                   00002301.B0l 1
                      g_glb.dat 	   4.71 	   3.71 	   0.50 	   0.36 	   3.57 	   1.21 	   1.50 	   0.86
                      g_dir.dat 	   0.00 	 -36.00 	  20.00
                     g_step.dat 	   2.42 	  60.00 	   6.00 	   7.00 	   1.66 	   9.00 	  21.00 	  15.00
                    max_min.dat	    1.07	    1.05	    1.10	    1.02	    0.95	    0.95	    1.12	    1.23	    1.24	    1.27	    1.31	    1.28	    1.22	    1.15	    1.12	    1.08	    1.05	    1.02	    0.98	    0.93	    0.87	    0.87	    0.92	    0.96	    0.99	    1.01	    1.02	    1.02	    1.03	    1.04	    1.04	    1.04	    1.04	    1.04	    1.03	    1.03	    1.02	    1.01	    1.00	    1.00	    0.98	    0.97	    0.95	    0.94	    0.92	    0.89	    0.87	    0.84	    0.82	    0.79	    0.76	    0.71	    0.70	    0.69	    0.67	    0.66	    0.64	    0.62	    0.60	    0.58	    0.55	    0.51	    0.48	    0.45
                    cor_max.dat 	  0.77 	  0.65 	  0.85 	  0.98 	  0.75 	  0.84 	  0.73 	  0.65  
                     correl.dat	   -0.39	   -0.47	   -0.50	   -0.46	   -0.35	   -0.13	    0.31	    0.44	    0.51	    0.54	    0.56	    0.60	    0.65	    0.68	    0.69	    0.70	    0.71	    0.73	    0.76	    0.79	    0.83	    0.85	    0.87	    0.89	    0.90	    0.90	    0.91	    0.91	    0.92	    0.92	    0.92	    0.92	    0.92	    0.92	    0.92	    0.92	    0.92	    0.92	    0.92	    0.92	    0.91	    0.91	    0.91	    0.91	    0.90	    0.90	    0.89	    0.89	    0.88	    0.88	    0.87	    0.86	    0.86	    0.85	    0.84	    0.83	    0.82	    0.80	    0.79	    0.77	    0.75	    0.71	    0.69	    0.66
               max_minValue.dat	    0.18	    0.62	   -0.04	    1.08	    1.04	   -0.84	  409.00	 -384.00	  402.00	 -383.00	  414.00	 -375.00	  414.00	 -407.00	  423.00	 -443.00	  431.00	 -453.00	  457.00	 -409.00	  490.00	 -399.00	  520.00	 -420.00	  541.00	 -426.00	  555.00	 -424.00	  566.00	 -443.00	  604.00	 -496.00	  667.00	 -580.00	  758.00	 -679.00	  864.00	 -800.00	  981.00	 -930.00	 1108.00	 -1082.00	 1234.00	 -1265.00	 1356.00	 -1460.00	 1500.00	 -1728.00	 1740.00	 -2005.00	 2133.00	 -2323.00	 2571.00	 -2679.00	 3028.00	 -3059.00	 3471.00	 -3450.00	 3893.00	 -3827.00	 4278.00	 -4177.00	 4648.00	 -4510.00	 4899.00	 -4730.00	 5058.00	 -4861.00	 5082.00	 -4900.00	 5082.00	 -4900.00	 5063.00	 -4888.00	 5024.00	 -4866.00	 4937.00	 -4812.00	 4856.00	 -4765.00	 4762.00	 -4702.00	 4641.00	 -4624.00	 4512.00	 -4534.00	 4286.00	 -4379.00	 4111.00	 -4260.00	 3927.00	 -4131.00	 3734.00	 -3991.00	 3531.00	 -3847.00	 3212.00	 -3617.00	 2995.00	 -3458.00	 2772.00	 -3295.00	 2556.00	 -3130.00	 2334.00	 -2963.00	 2123.00	 -2800.00	 1807.00	 -2557.00	 1670.00	 -2396.00	 1534.00	 -2234.00	 1402.00	 -2083.00	 1272.00	 -1926.00	 1087.00	 -1711.00	  967.00	 -1571.00	  860.00	 -1437.00	  752.00	 -1307.00	  654.00	 -1189.00	  519.00	 -1021.00	  441.00	 -912.00	  367.00	 -813.00
                    cor_cor.dat 	 -0.19 	 -0.79 	 -0.61 	  0.73 	  0.99 	  0.99 	  0.99 	  0.98  
                  direction.dat	   -0.66	   -0.77	   -0.77	   -0.73	   -0.73	   -0.73	   -0.73	   -0.28	   -0.28	   -0.27	   -0.27	   -0.30	   -0.32	   -0.32	   -0.32	   -0.32	   -0.30	   -0.30	   -0.30	   -0.27	   -0.25	   -0.18	   -0.13	   -0.13	   -0.11	   -0.10	   -0.10	   -0.10	   -0.10	   -0.10	   -0.08	   -0.08	   -0.08	   -0.08	   -0.08	   -0.08	   -0.08	   -0.06	   -0.06	   -0.06	   -0.06	   -0.06	   -0.06	   -0.05	   -0.05	   -0.05	   -0.05	   -0.02	   -0.02	   -0.02	    0.02	    0.02	    0.02	    0.05	    0.05	    0.07	    0.08	    0.08	    0.10	    0.10	    0.12	    0.12	    0.15	    0.15
                    cor_dir.dat 	  0.54 	  0.61 	  0.46 	  0.55 	  0.55 	  0.92 	  0.64 	  0.50  
                 StepPoints.dat 	 0.14 	 0.53 	 0.55 	 0.62 	 0.50 	 0.50 	 0.53 	 0.53 	 0.62 	 0.56 	 0.61 	 0.50 	 0.61 	 0.61 	 0.50 	 0.56 	 0.53
                 PointsComp.dat 	 0.12
                dir_changes.dat	    0.00	   -0.12	    0.00	    0.04	    0.00	    0.00	    0.00	    0.46	    0.00	    0.00	    0.00	   -0.02	   -0.02	    0.00	    0.00	    0.00	    0.03	    0.00	    0.00	    0.02	    0.02	    0.07	    0.04	    0.00	    0.02	    0.01	    0.00	    0.00	    0.00	    0.00	    0.02	    0.00	    0.00	    0.00	    0.00	    0.00	    0.00	    0.02	    0.00	    0.00	    0.00	    0.00	    0.00	    0.02	    0.00	    0.00	    0.00	    0.03	    0.00	    0.00	    0.03	    0.00	    0.00	    0.03	    0.00	    0.03	    0.01	    0.00	    0.02	    0.00	    0.02	    0.00	    0.03	    0.00
            cor_dir_changes.dat 	 -0.34 	 -0.64 	  0.66 	  0.00 	  0.16 	  0.00 	  0.52 	  0.15  
