D:\SOFTMAG\2008_4_9__15_3_13_90\00000201.r0l 
20 30
64 713
526
776
1015
1230
1405
1526
1578
1568
1532
1501
1504
1570
1729
1975
2262
2551
2809
2997
3082
3065
2988
2868
2723
2571
2431
2349
2351
2418
2533
2677
2832
300
605
901
1176
1418
1614
1751
1843
1912
1986
2092
2258
2510
2780
3081
3382
3655
3868
3993
3998
3939
3832
3692
3533
3372
3236
3158
3121
3111
3113
3112
86
430
770
1093
1388
1646
1854
2032
2191
2354
2549
2799
3130
3421
3734
4046
4332
4569
4731
4765
4733
4646
4518
4359
4183
4008
3863
3737
3617
3491
3347
-103
264
629
981
1313
1614
1876
2120
2347
2580
2842
3155
3544
3857
4184
4506
4807
5067
5268
5342
5348
5293
5188
5041
4862
4663
4468
4268
4054
3817
3547
-253
115
484
844
1190
1513
1807
2090
2359
2634
2937
3288
3708
4046
4389
4726
5045
5332
5576
5706
5764
5757
5690
5570
5404
5199
4972
4717
4427
4096
3718
-349
-4
341
683
1017
1336
1636
1926
2205
2490
2802
3158
3577
3946
4312
4670
5012
5333
5625
5830
5961
6021
6013
5940
5806
5616
5377
5086
4740
4336
3870
-375
-85
207
501
792
1077
1353
1612
1862
2121
2403
2726
3107
3516
3914
4301
4675
5038
5388
5692
5920
6070
6145
6143
6065
5911
5682
5378
4997
4542
4010
-342
-113
124
365
599
820
1018
1194
1367
1558
1787
2073
2438
2838
3243
3656
4082
4524
4986
5398
5731
5983
6152
6237
6235
6117
5905
5599
5204
4719
4148
-290
-126
51
233
405
555
671
755
843
957
1123
1365
1705
2096
2506
2945
3420
3941
4515
5033
5471
5825
6090
6261
6336
6262
6075
5777
5374
4870
4268
-242
-153
-44
69
169
240
265
247
239
268
362
548
855
1231
1643
2103
2624
3218
3900
4528
5074
5532
5895
6157
6311
6294
6144
5866
5468
4956
4336
-223
-222
-195
-163
-147
-168
-247
-377
-491
-558
-547
-427
-165
189
594
1066
1625
2286
3066
3810
4471
5039
5506
5864
6103
6159
6062
5820
5443
4939
4317
-259
-362
-433
-498
-583
-713
-913
-1167
-1399
-1574
-1658
-1615
-1409
-1089
-702
-227
357
1072
1941
2810
3593
4280
4861
5323
5656
5804
5780
5594
5258
4782
4178
-375
-601
-791
-974
-1180
-1438
-1779
-2169
-2532
-2829
-3021
-3068
-2932
-2659
-2305
-1842
-1247
-491
451
1455
2373
3191
3895
4473
4912
5176
5248
5142
4871
4447
3884
-559
-927
-1253
-1569
-1905
-2293
-2762
-3276
-3755
-4163
-4462
-4615
-4585
-4357
-4040
-3602
-3012
-2239
-1252
-144
889
1833
2673
3392
3976
4336
4498
4477
4290
3950
3475
-776
-1274
-1727
-2166
-2623
-3130
-3719
-4344
-4928
-5435
-5829
-6077
-6142
-5968
-5697
-5292
-4717
-3937
-2915
-1715
-577
482
1446
2295
3011
3466
3716
3779
3674
3418
3029
-1005
-1620
-2184
-2732
-3295
-3907
-4599
-5321
-5994
-6585
-7060
-7387
-7532
-7420
-7204
-6840
-6289
-5509
-4460
-3189
-1964
-808
259
1219
2049
2595
2929
3073
3047
2871
2566
-1232
-1942
-2598
-3233
-3882
-4577
-5353
-6154
-6897
-7553
-8091
-8478
-8684
-8643
-8487
-8172
-7652
-6880
-5810
-4494
-3212
-1986
-840
201
1118
1750
2165
2385
2433
2332
2106
-1437
-2217
-2938
-3636
-4345
-5099
-5933
-6789
-7582
-8282
-8859
-9285
-9530
-9564
-9476
-9215
-8731
-7973
-6889
-5562
-4257
-2997
-1809
-718
250
962
1450
1739
1855
1824
1670
-1604
-2423
-3179
-3909
-4647
-5428
-6290
-7176
-7992
-8709
-9301
-9740
-10000
-10113
-10097
-9895
-9452
-8712
-7619
-6325
-5038
-3787
-2600
-1503
-526
258
811
1162
1338
1367
1278
-1712
-2532
-3293
-4029
-4773
-5557
-6414
-7280
-8078
-8785
-9376
-9825
-10107
-10232
-10234
-10062
-9664
-8990
-7986
-6753
-5523
-4322
-3175
-2109
-1148
-360
219
615
854
961
962
-1761
-2560
-3304
-4025
-4752
-5517
-6350
-7179
-7947
-8629
-9203
-9648
-9940
-10072
-10088
-9942
-9587
-8974
-8057
-6904
-5749
-4616
-3529
-2512
-1587
-810
-220
205
490
659
734
-1758
-2517
-3226
-3912
-4605
-5331
-6120
-6902
-7625
-8270
-8816
-9243
-9532
-9668
-9696
-9573
-9257
-8703
-7869
-6810
-5746
-4696
-3684
-2730
-1857
-1106
-521
-81
235
450
585
-1712
-2415
-3072
-3708
-4349
-5021
-5750
-6472
-7141
-7738
-8245
-8644
-8919
-9057
-9094
-8992
-8711
-8214
-7461
-6508
-5544
-4589
-3663
-2784
-1973
-1263
-698
-258
75
323
503
-1633
-2266
-2857
-3429
-4005
-4609
-5263
-5918
-6523
-7062
-7521
-7884
-8136
-8273
-8318
-8234
-7988
-7546
-6872
-6031
-5176
-4323
-3489
-2692
-1950
-1294
-762
-336
0
266
478
-1528
-2080
-2594
-3092
-3592
-4116
-4686
-5265
-5799
-6274
-6677
-6996
-7218
-7353
-7403
-7337
-7125
-6736
-6140
-5415
-4671
-3922
-3185
-2474
-1804
-1215
-729
-329
-1
270
501
-1420
-1882
-2312
-2730
-3152
-3597
-4082
-4573
-5024
-5428
-5773
-6053
-6257
-6388
-6447
-6404
-6230
-5894
-5367
-4737
-4086
-3430
-2782
-2158
-1574
-1023
-572
-205
93
337
543
-1322
-1692
-2038
-2376
-2720
-3085
-3485
-3887
-4256
-4587
-4875
-5115
-5301
-5428
-5497
-5479
-5344
-5063
-4606
-4058
-3489
-2911
-2341
-1792
-1280
-778
-371
-45
213
420
591
-1225
-1500
-1759
-2014
-2276
-2558
-2871
-3182
-3466
-3723
-3951
-4149
-4316
-4438
-4518
-4524
-4429
-4203
-3817
-3344
-2846
-2340
-1838
-1356
-909
-464
-112
160
370
530
656
-1120
-1295
-1460
-1627
-1802
-1995
-2214
-2430
-2626
-2804
-2969
-3121
-3264
-3383
-3473
-3505
-3449
-3278
-2962
-2559
-2129
-1688
-1251
-831
-444
-68
217
427
575
678
748
-999
-1064
-1128
-1197
-1277
-1373
-1490
-1606
-1708
-1803
-1897
-1999
-2113
-2227
-2327
-2383
-2366
-2250
-2003
-1668
-1306
-931
-557
-198
129
424
631
766
842
874
876
-852
-797
-749
-710
-683
-670
-676
-683
-684
-688
-706
-748
-827
-935
-1043
-1121
-1143
-1079
-902
-638
-347
-40
266
560
827
1027
1144
1191
1181
1130
1052
