                   00000201.B0l 1
                      g_glb.dat 	   5.29 	   2.71 	   0.93 	   1.43 	   3.79 	   0.57 	   1.36 	   1.86
                      g_dir.dat 	   0.00 	 -41.00 	  29.00
                     g_step.dat 	   2.21 	  42.00 	  11.00 	  16.00 	   1.83 	   8.00 	  19.00 	  26.00
                    max_min.dat	    0.79	    0.83	    0.86	    0.97	    1.03	    0.99	    0.85	    0.83	    0.89	    0.95	    0.98	    0.98	    1.00	    1.00	    0.96	    0.91	    0.89	    0.92	    0.98	    1.03	    1.04	    1.02	    1.01	    1.00	    1.01	    1.02	    1.03	    0.99	    0.96	    0.94	    0.93	    0.92	    0.92	    0.91	    0.91	    0.89	    0.88	    0.86	    0.84	    0.83	    0.81	    0.80	    0.78	    0.77	    0.75	    0.74	    0.73	    0.71	    0.69	    0.68	    0.66	    0.65	    0.61	    0.60	    0.59	    0.58	    0.57	    0.55	    0.54	    0.54	    0.54	    0.55	    0.58	    0.61
                    cor_max.dat 	  0.69 	  0.57 	  0.86 	  0.84 	  0.70 	  0.78 	  0.68 	  0.63  
                     correl.dat	    0.49	    0.58	    0.56	    0.57	    0.59	    0.60	    0.61	    0.64	    0.68	    0.71	    0.72	    0.72	    0.73	    0.74	    0.76	    0.76	    0.76	    0.77	    0.79	    0.81	    0.82	    0.82	    0.83	    0.85	    0.87	    0.88	    0.90	    0.90	    0.91	    0.92	    0.92	    0.92	    0.92	    0.92	    0.92	    0.92	    0.92	    0.92	    0.92	    0.92	    0.92	    0.91	    0.90	    0.89	    0.88	    0.87	    0.86	    0.85	    0.83	    0.82	    0.80	    0.79	    0.77	    0.76	    0.74	    0.73	    0.72	    0.70	    0.69	    0.68	    0.67	    0.66	    0.66	    0.66
               max_minValue.dat	   -0.62	   -0.26	   -0.80	   -0.91	   -0.92	   -0.71	  281.00	 -356.00	  268.00	 -321.00	  280.00	 -326.00	  317.00	 -326.00	  339.00	 -328.00	  341.00	 -343.00	  329.00	 -385.00	  318.00	 -383.00	  330.00	 -369.00	  358.00	 -377.00	  407.00	 -417.00	  466.00	 -475.00	  536.00	 -536.00	  579.00	 -581.00	  605.00	 -628.00	  628.00	 -690.00	  682.00	 -766.00	  756.00	 -820.00	  853.00	 -869.00	  955.00	 -930.00	 1077.00	 -1037.00	 1181.00	 -1155.00	 1290.00	 -1282.00	 1404.00	 -1402.00	 1537.00	 -1522.00	 1696.00	 -1659.00	 1825.00	 -1769.00	 1938.00	 -1948.00	 2028.00	 -2102.00	 2114.00	 -2241.00	 2165.00	 -2317.00	 2172.00	 -2361.00	 2172.00	 -2361.00	 2163.00	 -2366.00	 2145.00	 -2368.00	 2101.00	 -2363.00	 2064.00	 -2353.00	 2013.00	 -2338.00	 1953.00	 -2315.00	 1870.00	 -2264.00	 1803.00	 -2225.00	 1733.00	 -2174.00	 1658.00	 -2118.00	 1582.00	 -2055.00	 1462.00	 -1946.00	 1380.00	 -1867.00	 1298.00	 -1785.00	 1215.00	 -1700.00	 1090.00	 -1573.00	 1009.00	 -1484.00	  929.00	 -1399.00	  850.00	 -1315.00	  732.00	 -1191.00	  670.00	 -1114.00	  615.00	 -1036.00	  559.00	 -961.00	  507.00	 -890.00	  436.00	 -787.00	  392.00	 -723.00	  354.00	 -658.00	  321.00	 -596.00	  282.00	 -510.00	  260.00	 -451.00	  242.00	 -399.00
                    cor_cor.dat 	  0.86 	  0.87 	  0.84 	  0.88 	  0.97 	  0.99 	  0.97 	  0.94  
                  direction.dat	   -0.62	   -0.61	   -0.60	   -0.60	   -0.60	   -0.56	   -0.43	   -0.39	   -0.38	   -0.36	   -0.39	   -0.39	   -0.38	   -0.38	   -0.38	   -0.36	   -0.36	   -0.36	   -0.34	   -0.34	   -0.34	   -0.34	   -0.36	   -0.34	   -0.34	   -0.33	   -0.31	   -0.29	   -0.27	   -0.25	   -0.23	   -0.21	   -0.21	   -0.21	   -0.21	   -0.21	   -0.21	   -0.21	   -0.21	   -0.19	   -0.19	   -0.19	   -0.16	   -0.16	   -0.14	   -0.14	   -0.10	   -0.09	   -0.07	   -0.07	   -0.06	   -0.03	   -0.03	   -0.03	   -0.03	   -0.01	   -0.01	    0.03	    0.06	    0.06	    0.06	    0.04	   -0.01	   -0.00
                    cor_dir.dat 	  0.61 	  0.68 	  0.51 	  0.62 	  0.44 	  0.58 	  0.73 	  0.09  
                 StepPoints.dat 	 0.11 	 0.50 	 0.48 	 0.52 	 0.50 	 0.50 	 0.47 	 0.48 	 0.58 	 0.48 	 0.50 	 0.50 	 0.56 	 0.45 	 0.50 	 0.53 	 0.50
                 PointsComp.dat 	 0.10
                dir_changes.dat	    0.00	    0.01	    0.01	    0.00	    0.00	    0.04	    0.14	    0.04	    0.01	    0.02	   -0.03	    0.00	    0.01	    0.00	    0.00	    0.02	    0.00	    0.00	    0.02	    0.00	    0.00	    0.00	   -0.02	    0.02	    0.00	    0.01	    0.02	    0.02	    0.02	    0.02	    0.02	    0.02	    0.00	    0.00	    0.00	    0.00	    0.00	    0.00	    0.00	    0.02	    0.00	    0.00	    0.03	    0.00	    0.02	    0.00	    0.04	    0.01	    0.02	    0.00	    0.02	    0.03	    0.00	    0.00	    0.00	    0.02	    0.00	    0.04	    0.03	    0.00	    0.00	   -0.02	   -0.06	    0.01
            cor_dir_changes.dat 	  0.15 	  0.16 	  0.00 	  0.00 	 -0.27 	  0.00 	  0.27 	 -0.28  
