C:\mcg1204\averaged\00000504.000\00000504.r0l 
20 30
64 847
-3927
-4102
-4219
-4207
-3997
-3520
-2706
-1646
-527
581
1609
2485
3141
3562
3804
3899
3876
3767
3604
3471
3425
3450
3532
3653
3800
3929
4022
4094
4159
4233
4333
-4534
-4696
-4793
-4758
-4522
-4020
-3185
-2151
-1051
46
1075
1967
2654
3175
3522
3733
3849
3908
3949
3968
4063
4214
4402
4607
4809
4963
5035
5046
5015
4961
4905
-5044
-5199
-5281
-5228
-4973
-4452
-3600
-2604
-1536
-461
556
1450
2157
2769
3210
3529
3774
3991
4229
4390
4617
4885
5171
5450
5700
5883
5941
5897
5775
5599
5393
-5473
-5633
-5715
-5656
-5395
-4868
-4014
-3057
-2022
-971
32
928
1654
2338
2856
3265
3620
3977
4393
4701
5063
5452
5839
6197
6496
6715
6763
6670
6463
6170
5819
-5835
-6022
-6124
-6082
-5836
-5325
-4490
-3562
-2549
-1513
-511
395
1149
1879
2447
2918
3357
3827
4394
4864
5378
5903
6408
6859
7226
7483
7527
7388
7101
6695
6205
-6146
-6389
-6541
-6545
-6342
-5877
-5090
-4169
-3159
-2115
-1095
-155
647
1387
1969
2467
2954
3502
4184
4845
5538
6228
6878
7451
7912
8213
8256
8077
7712
7198
6572
-6423
-6758
-6997
-7083
-6962
-6577
-5876
-4930
-3890
-2807
-1736
-731
154
858
1410
1890
2381
2962
3716
4607
5520
6415
7250
7987
8583
8930
8975
8758
8320
7701
6942
-6685
-7177
-7560
-7775
-7761
-7459
-6808
-5789
-4658
-3478
-2315
-1232
-293
340
809
1215
1658
2240
3063
4155
5289
6415
7482
8440
9237
9654
9709
9452
8933
8203
7314
-6903
-7556
-8089
-8438
-8538
-8322
-7728
-6630
-5403
-4122
-2861
-1694
-698
-151
218
533
914
1481
2356
3646
4998
6351
7645
8819
9813
10305
10374
10081
9487
8651
7635
-7007
-7820
-8501
-8982
-9193
-9062
-8521
-7369
-6070
-4711
-3375
-2149
-1119
-659
-388
-164
152
704
1631
3097
4645
6204
7705
9075
10245
10818
10908
10585
9921
8986
7851
-6931
-7893
-8713
-9316
-9627
-9572
-9075
-7920
-6602
-5216
-3859
-2626
-1613
-1225
-1039
-892
-623
-72
922
2526
4232
5960
7628
9157
10465
11127
11246
10903
10178
9152
7905
-6609
-7703
-8643
-9349
-9743
-9744
-9273
-8197
-6940
-5610
-4312
-3153
-2240
-1894
-1761
-1659
-1409
-828
264
1951
3761
5601
7383
9014
10406
11167
11325
10972
10196
9089
7742
-5974
-7172
-8206
-8991
-9442
-9474
-9004
-8116
-7030
-5865
-4736
-3761
-3057
-2706
-2581
-2480
-2201
-1544
-308
1390
3230
5112
6935
8597
10000
10873
11083
10731
9917
8742
7307
-5103
-6194
-7141
-7887
-8373
-8542
-8337
-7766
-7029
-6205
-5376
-4620
-4019
-3657
-3448
-3223
-2814
-2052
-767
983
2818
4653
6403
7983
9310
10066
10231
9890
9127
8025
6670
-4150
-5112
-5952
-6637
-7138
-7424
-7463
-7244
-6890
-6444
-5948
-5448
-4985
-4593
-4281
-3913
-3354
-2466
-1115
645
2431
4174
5808
7262
8470
9119
9250
8930
8228
7211
5947
-3156
-3972
-4686
-5293
-5791
-6175
-6441
-6586
-6625
-6567
-6417
-6182
-5869
-5443
-5024
-4510
-3797
-2781
-1359
374
2075
3692
5172
6464
7517
8065
8166
7873
7237
6309
5142
-2163
-2818
-3391
-3906
-4385
-4853
-5331
-5825
-6246
-6562
-6744
-6762
-6584
-6136
-5623
-4974
-4119
-2987
-1507
171
1759
3220
4519
5620
6489
6935
7007
6740
6169
5331
4259
-1214
-1695
-2115
-2525
-2975
-3514
-4192
-4999
-5762
-6416
-6892
-7124
-7045
-6602
-6022
-5266
-4297
-3076
-1565
37
1490
2774
3871
4760
5424
5763
5799
5553
5042
4287
3306
-350
-648
-907
-1203
-1614
-2215
-3085
-4141
-5186
-6115
-6823
-7208
-7166
-6771
-6167
-5347
-4307
-3040
-1542
-29
1275
2370
3250
3915
4361
4580
4570
4332
3871
3188
2286
368
115
-104
-364
-740
-1304
-2132
-3293
-4447
-5494
-6332
-6861
-6979
-6567
-5951
-5134
-4117
-2903
-1493
-186
919
1827
2537
3049
3366
3505
3452
3207
2767
2132
1301
923
706
516
282
-66
-603
-1399
-2595
-3791
-4889
-5790
-6396
-6607
-6212
-5619
-4839
-3881
-2754
-1468
-347
581
1322
1882
2263
2471
2536
2446
2197
1784
1203
449
1335
1146
979
764
432
-83
-854
-2031
-3215
-4308
-5216
-5843
-6093
-5741
-5199
-4483
-3610
-2598
-1462
-511
256
848
1274
1540
1657
1655
1536
1292
915
397
-271
1624
1458
1307
1105
785
283
-469
-1584
-2710
-3756
-4628
-5233
-5478
-5189
-4717
-4085
-3317
-2439
-1473
-678
-58
397
702
867
905
847
710
483
152
-293
-866
1812
1664
1525
1331
1019
525
-212
-1234
-2274
-3241
-4046
-4598
-4807
-4593
-4202
-3665
-3014
-2280
-1496
-848
-367
-38
154
227
195
95
-44
-242
-513
-872
-1335
1921
1787
1656
1467
1159
671
-56
-965
-1898
-2768
-3487
-3968
-4123
-3987
-3680
-3242
-2711
-2126
-1528
-1021
-673
-466
-379
-394
-490
-615
-743
-895
-1089
-1345
-1683
2004
1863
1724
1531
1230
765
81
-735
-1578
-2363
-3008
-3427
-3539
-3448
-3193
-2826
-2397
-1957
-1557
-1220
-1029
-956
-978
-1068
-1202
-1382
-1503
-1592
-1673
-1772
-1915
2092
1946
1801
1608
1317
877
239
-515
-1297
-2028
-2627
-3016
-3115
-3041
-2810
-2486
-2132
-1809
-1580
-1424
-1397
-1469
-1608
-1784
-1966
-2173
-2260
-2259
-2200
-2115
-2035
2162
2012
1863
1671
1391
978
387
-322
-1061
-1755
-2327
-2703
-2806
-2729
-2503
-2203
-1903
-1678
-1601
-1630
-1774
-1996
-2260
-2528
-2762
-2973
-3001
-2885
-2661
-2368
-2041
2195
2041
1887
1696
1426
1039
496
-174
-876
-1538
-2088
-2456
-2571
-2478
-2245
-1957
-1699
-1559
-1622
-1839
-2156
-2532
-2921
-3283
-3573
-3764
-3712
-3460
-3050
-2525
-1929
2168
2008
1849
1656
1395
1033
535
-89
-747
-1370
-1893
-2246
-2364
-2253
-2008
-1727
-1509
-1450
-1648
-2051
-2540
-3066
-3581
-4035
-4379
-4532
-4380
-3972
-3356
-2582
-1699
2061
1892
1724
1526
1272
931
476
-84
-679
-1246
-1721
-2042
-2145
-2018
-1765
-1496
-1319
-1345
-1683
-2267
-2922
-3594
-4227
-4768
-5161
-5259
-4991
-4411
-3574
-2533
-1346
