                   00000504.B0l 1
                      g_glb.dat 	   6.07 	   3.57 	   2.21 	   0.00 	   2.64 	   1.00 	   1.21 	   0.43
                      g_dir.dat 	   0.00 	 -51.00 	  20.00
                     g_step.dat 	   3.10 	  51.00 	  39.00 	   2.00 	   1.16 	   7.00 	  17.00 	   6.00
                    max_min.dat	    0.89	    0.90	    0.94	    0.95	    1.04	    1.13	    1.17	    1.16	    1.17	    1.22	    1.31	    1.42	    1.55	    1.61	    1.66	    1.57	    1.59	    1.68	    1.75	    1.82	    1.82	    1.77	    1.71	    1.66	    1.62	    1.56	    1.54	    1.56	    1.51	    1.50	    1.50	    1.50	    1.50	    1.49	    1.50	    1.51	    1.52	    1.54	    1.56	    1.57	    1.60	    1.62	    1.67	    1.70	    1.73	    1.77	    1.79	    1.82	    1.84	    1.85	    1.85	    1.86	    1.85	    1.82	    1.77	    1.71	    1.65	    1.60	    1.53	    1.47	    1.32	    1.23	    1.15	    1.11
                    cor_max.dat 	  0.75 	  0.60 	  0.88 	  0.97 	  0.95 	  0.97 	  0.93 	  0.96  
                     correl.dat	    0.11	    0.18	    0.24	    0.30	    0.36	    0.42	    0.47	    0.51	    0.54	    0.56	    0.58	    0.60	    0.63	    0.65	    0.66	    0.67	    0.67	    0.69	    0.71	    0.74	    0.77	    0.79	    0.81	    0.82	    0.83	    0.84	    0.85	    0.86	    0.87	    0.88	    0.89	    0.89	    0.89	    0.90	    0.90	    0.90	    0.90	    0.90	    0.90	    0.90	    0.90	    0.89	    0.89	    0.88	    0.88	    0.87	    0.87	    0.86	    0.86	    0.85	    0.84	    0.84	    0.83	    0.82	    0.81	    0.80	    0.78	    0.77	    0.76	    0.75	    0.73	    0.72	    0.72	    0.72
               max_minValue.dat	    0.62	    0.62	    0.63	    1.57	    1.50	    1.82	  878.00	 -985.00	  877.00	 -973.00	  939.00	 -1004.00	  994.00	 -1046.00	 1067.00	 -1028.00	 1122.00	 -994.00	 1139.00	 -970.00	 1122.00	 -965.00	 1111.00	 -952.00	 1121.00	 -922.00	 1142.00	 -873.00	 1217.00	 -858.00	 1346.00	 -869.00	 1442.00	 -898.00	 1510.00	 -912.00	 1573.00	 -1001.00	 1651.00	 -1038.00	 1812.00	 -1078.00	 1967.00	 -1123.00	 2120.00	 -1163.00	 2281.00	 -1255.00	 2437.00	 -1377.00	 2642.00	 -1545.00	 2853.00	 -1714.00	 3101.00	 -1919.00	 3431.00	 -2200.00	 3735.00	 -2420.00	 4044.00	 -2594.00	 4419.00	 -2926.00	 4715.00	 -3148.00	 4943.00	 -3304.00	 4962.00	 -3315.00	 4962.00	 -3315.00	 4926.00	 -3297.00	 4883.00	 -3246.00	 4816.00	 -3187.00	 4679.00	 -3075.00	 4571.00	 -2977.00	 4457.00	 -2863.00	 4317.00	 -2742.00	 4171.00	 -2613.00	 4019.00	 -2474.00	 3774.00	 -2255.00	 3598.00	 -2118.00	 3415.00	 -1970.00	 3233.00	 -1830.00	 3043.00	 -1701.00	 2862.00	 -1576.00	 2601.00	 -1415.00	 2429.00	 -1311.00	 2266.00	 -1223.00	 2114.00	 -1136.00	 1961.00	 -1058.00	 1815.00	 -995.00	 1615.00	 -912.00	 1479.00	 -867.00	 1361.00	 -823.00	 1245.00	 -778.00	 1133.00	 -740.00	 1032.00	 -703.00	  900.00	 -683.00	  824.00	 -669.00	  763.00	 -664.00	  713.00	 -642.00
                    cor_cor.dat 	  0.68 	  0.50 	  0.66 	  0.78 	  0.98 	  0.99 	  0.98 	  0.96  
                  direction.dat	   -0.77	   -0.71	   -0.69	   -0.67	   -0.67	   -0.67	   -0.67	   -0.64	   -0.64	   -0.64	   -0.64	   -0.63	   -0.61	   -0.61	   -0.62	   -0.28	   -0.27	   -0.27	   -0.27	   -0.27	   -0.25	   -0.25	   -0.23	   -0.23	   -0.22	   -0.22	   -0.22	   -0.20	   -0.18	   -0.17	   -0.15	   -0.16	   -0.16	   -0.15	   -0.15	   -0.15	   -0.15	   -0.15	   -0.15	   -0.15	   -0.15	   -0.15	   -0.17	   -0.16	   -0.15	   -0.15	   -0.15	   -0.15	   -0.15	   -0.15	   -0.15	   -0.15	   -0.07	   -0.07	   -0.07	   -0.07	   -0.07	   -0.07	   -0.07	   -0.07	   -0.22	   -0.23	   -0.23	   -0.25
                    cor_dir.dat 	  0.54 	  0.63 	  0.48 	  0.48 	 -0.25 	  0.67 	  0.64 	 -0.66  
                 StepPoints.dat 	 0.21 	 0.47 	 0.56 	 0.55 	 0.50 	 0.52 	 0.50 	 0.50 	 0.58 	 0.30 	 0.52 	 0.55 	 0.45 	 0.55 	 0.55 	 0.61 	 0.56
                 PointsComp.dat 	 0.14
                dir_changes.dat	    0.00	    0.06	    0.02	    0.02	    0.00	    0.00	    0.00	    0.03	    0.00	    0.00	    0.00	    0.01	    0.02	    0.00	   -0.01	    0.34	    0.02	    0.00	    0.00	    0.00	    0.02	    0.00	    0.02	    0.00	    0.02	    0.00	    0.00	    0.02	    0.02	    0.02	    0.02	   -0.00	    0.00	    0.00	    0.00	    0.00	    0.00	    0.00	    0.00	    0.00	    0.00	    0.00	   -0.02	    0.00	    0.02	    0.00	    0.00	    0.00	   -0.01	    0.01	    0.00	    0.00	    0.08	    0.00	    0.00	    0.00	    0.00	    0.00	    0.00	    0.00	   -0.15	   -0.02	    0.00	   -0.02
            cor_dir_changes.dat 	  0.46 	  0.46 	  0.78 	  0.00 	 -0.17 	  0.45 	  0.30 	 -0.18  
