D:\Арсен 20-06-11\Новая папка (2)\CRYOTON\AVERAGED\00002602.000\00002602.R0l 
20 30
64 949
-1724
-2287
-2784
-3151
-3326
-3246
-2848
-2204
-1479
-750
-93
414
697
748
649
457
228
18
-116
-120
3
227
523
864
1220
1516
1716
1848
1939
2017
2112
-1972
-2486
-2933
-3257
-3404
-3320
-2952
-2410
-1790
-1157
-573
-103
187
368
419
395
351
343
424
531
736
1013
1333
1669
1994
2278
2441
2511
2514
2478
2431
-2191
-2659
-3058
-3341
-3464
-3380
-3044
-2605
-2092
-1554
-1045
-614
-315
-14
175
310
441
624
911
1129
1416
1745
2090
2423
2717
2994
3126
3138
3058
2913
2729
-2378
-2807
-3166
-3416
-3522
-3445
-3148
-2806
-2391
-1942
-1499
-1101
-786
-385
-74
197
485
839
1313
1654
2035
2429
2810
3151
3427
3697
3796
3751
3588
3334
3014
-2529
-2931
-3262
-3492
-3592
-3534
-3290
-3027
-2694
-2319
-1927
-1544
-1198
-727
-325
55
469
966
1597
2085
2583
3066
3506
3880
4161
4418
4480
4373
4122
3753
3291
-2641
-3034
-3353
-3578
-3690
-3668
-3492
-3284
-3010
-2684
-2318
-1928
-1526
-1023
-570
-118
383
983
1732
2402
3053
3659
4194
4635
4957
5191
5206
5026
4677
4183
3570
-2713
-3115
-3444
-3686
-3831
-3866
-3779
-3594
-3346
-3036
-2664
-2233
-1744
-1257
-801
-327
212
867
1686
2585
3435
4211
4888
5443
5852
6048
6000
5733
5270
4636
3856
-2752
-3228
-3623
-3925
-4119
-4192
-4129
-3907
-3610
-3247
-2827
-2358
-1849
-1419
-1030
-612
-98
579
1490
2585
3641
4624
5499
6232
6790
7014
6926
6561
5951
5131
4136
-2771
-3322
-3788
-4153
-4401
-4515
-4480
-4212
-3857
-3433
-2956
-2441
-1906
-1552
-1248
-906
-438
244
1229
2521
3784
4975
6049
6963
7672
7929
7806
7347
6595
5595
4391
-2763
-3389
-3924
-4350
-4649
-4804
-4795
-4490
-4088
-3612
-3087
-2536
-1982
-1705
-1488
-1221
-798
-112
945
2423
3883
5271
6533
7615
8465
8765
8617
8074
7191
6021
4617
-2724
-3418
-4015
-4496
-4839
-5027
-5038
-4722
-4299
-3799
-3253
-2692
-2148
-1929
-1779
-1569
-1174
-465
683
2324
3956
5518
6944
8172
9138
9496
9337
8726
7726
6400
4812
-2651
-3399
-4046
-4568
-4944
-5152
-5170
-4889
-4489
-4009
-3488
-2962
-2471
-2273
-2153
-1963
-1557
-789
489
2255
4024
5722
7277
8614
9660
10095
9945
9285
8187
6725
4972
-2538
-3323
-4001
-4548
-4938
-5148
-5155
-4971
-4658
-4260
-3825
-3397
-3023
-2789
-2642
-2415
-1943
-1057
406
2249
4105
5892
7525
8922
10000
10536
10419
9734
8563
6989
5096
-2400
-3095
-3694
-4189
-4577
-4851
-5006
-5012
-4909
-4714
-4445
-4122
-3763
-3446
-3164
-2776
-2140
-1113
444
2384
4293
6098
7728
9114
10183
10611
10440
9740
8583
7038
5177
-2255
-2848
-3355
-3788
-4161
-4486
-4776
-4996
-5125
-5155
-5077
-4882
-4560
-4139
-3702
-3131
-2311
-1123
549
2554
4480
6270
7864
9203
10230
10566
10355
9655
8526
7025
5211
-2107
-2588
-2993
-3355
-3703
-4070
-4488
-4928
-5298
-5561
-5680
-5620
-5343
-4818
-4225
-3472
-2466
-1116
671
2708
4620
6362
7887
9149
10101
10365
10135
9456
8376
6940
5194
-1955
-2318
-2617
-2901
-3220
-3624
-4162
-4815
-5417
-5905
-6214
-6281
-6042
-5432
-4703
-3787
-2617
-1124
758
2796
4664
6328
7754
8908
9756
9975
9751
9120
8116
6771
5121
-1801
-2045
-2235
-2439
-2726
-3164
-3822
-4664
-5475
-6163
-6638
-6809
-6584
-5930
-5106
-4068
-2774
-1179
758
2769
4564
6122
7421
8439
9154
9360
9177
8626
7730
6509
4986
-1647
-1772
-1854
-1980
-2236
-2710
-3488
-4480
-5461
-6311
-6914
-7149
-6899
-6261
-5403
-4304
-2946
-1311
620
2578
4274
5699
6844
7699
8255
8486
8382
7950
7200
6143
4786
-1498
-1605
-1674
-1786
-2023
-2466
-3196
-4216
-5227
-6118
-6779
-7101
-6972
-6330
-5477
-4398
-3078
-1502
345
2103
3624
4901
5927
6692
7191
7466
7444
7132
6538
5669
4533
-1361
-1457
-1520
-1626
-1850
-2270
-2961
-3969
-4970
-5861
-6541
-6908
-6862
-6259
-5456
-4442
-3204
-1732
-14
1559
2922
4066
4988
5680
6138
6449
6502
6303
5857
5170
4249
-1234
-1326
-1389
-1494
-1712
-2114
-2771
-3735
-4694
-5552
-6219
-6600
-6603
-6074
-5356
-4441
-3320
-1987
-432
972
2190
3217
4049
4683
5114
5451
5570
5473
5165
4651
3933
-1117
-1208
-1275
-1383
-1599
-1988
-2615
-3511
-4402
-5204
-5833
-6203
-6231
-5800
-5191
-4400
-3421
-2250
-883
365
1452
2376
3133
3722
4139
4490
4661
4654
4472
4116
3590
-1009
-1101
-1175
-1289
-1505
-1883
-2483
-3294
-4101
-4829
-5403
-5745
-5781
-5463
-4977
-4324
-3500
-2507
-1341
-235
734
1566
2261
2818
3235
3583
3791
3857
3784
3572
3221
-910
-1004
-1084
-1205
-1422
-1790
-2364
-3080
-3794
-4439
-4949
-5255
-5290
-5088
-4729
-4217
-3553
-2741
-1782
-806
57
811
1455
1992
2422
2748
2973
3094
3111
3023
2829
-816
-909
-991
-1113
-1326
-1681
-2227
-2868
-3506
-4082
-4538
-4814
-4851
-4765
-4536
-4162
-3639
-2964
-2135
-1240
-442
257
857
1356
1752
2131
2401
2563
2619
2571
2419
-728
-813
-891
-1008
-1211
-1546
-2060
-2646
-3230
-3760
-4185
-4452
-4512
-4505
-4369
-4096
-3677
-3103
-2366
-1544
-803
-149
414
883
1253
1654
1938
2110
2174
2135
1996
-646
-719
-788
-895
-1084
-1395
-1872
-2419
-2962
-3460
-3867
-4141
-4238
-4283
-4213
-4014
-3673
-3174
-2503
-1743
-1051
-433
103
551
904
1300
1571
1725
1769
1710
1556
-571
-629
-687
-782
-953
-1238
-1676
-2188
-2698
-3169
-3566
-3852
-3993
-4073
-4053
-3913
-3632
-3191
-2569
-1863
-1209
-617
-97
340
686
1051
1284
1395
1395
1292
1098
-504
-546
-591
-673
-826
-1083
-1480
-1958
-2433
-2876
-3261
-3558
-3742
-3851
-3874
-3786
-3559
-3170
-2592
-1928
-1301
-724
-210
228
579
891
1064
1110
1043
875
618
-445
-472
-505
-574
-710
-941
-1298
-1732
-2162
-2569
-2932
-3232
-3449
-3591
-3662
-3628
-3460
-3126
-2596
-1962
-1350
-776
-256
195
562
802
896
859
706
453
116
