                   00002602.B0l 1
                      g_glb.dat 	   5.58 	   1.08 	   1.33 	   2.67 	   2.83 	   2.50 	   0.00 	   0.33
                      g_dir.dat 	   0.00 	   0.00 	   0.00
                     g_step.dat 	   1.65 	  11.00 	  18.00 	  15.00 	   1.17 	  24.00 	   0.00 	   4.00
                    max_min.dat	    1.40	    1.29	    1.18	    1.09	    1.01	    0.98	    0.98	    1.05	    1.15	    1.22	    1.26	    1.25	    1.24	    1.25	    1.27	    1.29	    1.32	    1.37	    1.44	    1.50	    1.52	    1.50	    1.47	    1.43	    1.41	    1.42	    1.44	    1.47	    1.50	    1.53	    1.55	    1.55	    1.55	    1.56	    1.56	    1.57	    1.58	    1.60	    1.62	    1.65	    1.68	    1.71	    1.75	    1.79	    1.83	    1.86	    1.89	    1.92	    1.94	    1.95	    1.95	    1.95	    1.94	    1.93	    1.92	    1.91	    1.90	    1.89	    1.85	    1.80	    1.76	    1.68	    1.59	    1.45
                    cor_max.dat 	  0.80 	  0.72 	  0.87 	  0.94 	  0.91 	  0.95 	  0.90 	  0.88  
                     correl.dat	    0.51	    0.83	    0.83	    0.81	    0.80	    0.79	    0.79	    0.79	    0.81	    0.82	    0.83	    0.84	    0.84	    0.84	    0.83	    0.83	    0.84	    0.85	    0.87	    0.88	    0.88	    0.88	    0.88	    0.88	    0.88	    0.88	    0.88	    0.89	    0.89	    0.89	    0.90	    0.90	    0.90	    0.91	    0.91	    0.91	    0.91	    0.91	    0.92	    0.92	    0.92	    0.92	    0.92	    0.92	    0.91	    0.91	    0.91	    0.91	    0.91	    0.91	    0.91	    0.90	    0.90	    0.90	    0.89	    0.88	    0.88	    0.87	    0.86	    0.85	    0.83	    0.82	    0.80	    0.78
               max_minValue.dat	    0.62	    0.67	    0.59	    1.29	    1.55	    1.92	  296.00	 -212.00	  542.00	 -420.00	  599.00	 -509.00	  575.00	 -527.00	  566.00	 -560.00	  589.00	 -604.00	  617.00	 -629.00	  661.00	 -630.00	  720.00	 -624.00	  774.00	 -633.00	  829.00	 -658.00	  868.00	 -695.00	  899.00	 -724.00	  931.00	 -746.00	  971.00	 -767.00	 1026.00	 -795.00	 1093.00	 -828.00	 1190.00	 -867.00	 1312.00	 -909.00	 1441.00	 -963.00	 1569.00	 -1035.00	 1690.00	 -1124.00	 1820.00	 -1240.00	 1978.00	 -1384.00	 2173.00	 -1537.00	 2388.00	 -1682.00	 2582.00	 -1796.00	 2800.00	 -1905.00	 3008.00	 -2001.00	 3192.00	 -2084.00	 3331.00	 -2155.00	 3414.00	 -2199.00	 3414.00	 -2199.00	 3429.00	 -2204.00	 3434.00	 -2202.00	 3430.00	 -2188.00	 3417.00	 -2163.00	 3396.00	 -2127.00	 3364.00	 -2079.00	 3324.00	 -2020.00	 3272.00	 -1952.00	 3208.00	 -1875.00	 3131.00	 -1792.00	 3042.00	 -1702.00	 2937.00	 -1607.00	 2820.00	 -1514.00	 2689.00	 -1422.00	 2549.00	 -1330.00	 2344.00	 -1209.00	 2186.00	 -1119.00	 2025.00	 -1036.00	 1865.00	 -957.00	 1708.00	 -881.00	 1557.00	 -807.00	 1416.00	 -737.00	 1281.00	 -670.00	 1155.00	 -609.00	 1041.00	 -551.00	  931.00	 -502.00	  832.00	 -461.00	  745.00	 -424.00	  662.00	 -394.00	  587.00	 -370.00	  516.00	 -356.00
                    cor_cor.dat 	  0.97 	  0.97 	  0.98 	  0.97 	  0.98 	  1.00 	  0.99 	  0.94  
                  direction.dat	   -0.25	   -0.16	   -0.14	   -0.13	   -0.14	   -0.14	   -0.14	   -0.16	   -0.16	   -0.16	   -0.12	   -0.10	   -0.12	   -0.12	   -0.12	   -0.10	   -0.10	   -0.09	   -0.09	   -0.09	   -0.09	   -0.09	   -0.09	   -0.09	   -0.05	   -0.05	   -0.03	   -0.01	   -0.01	   -0.01	   -0.03	   -0.03	   -0.03	   -0.03	   -0.03	   -0.01	   -0.01	   -0.01	   -0.01	   -0.03	   -0.03	   -0.03	   -0.03	   -0.03	   -0.05	   -0.05	   -0.05	   -0.05	   -0.05	   -0.05	   -0.05	   -0.05	   -0.05	   -0.05	   -0.05	   -0.05	   -0.05	   -0.07	   -0.07	   -0.07	   -0.09	   -0.09	   -0.11	   -0.11
                    cor_dir.dat 	  0.84 	  0.77 	  0.94 	  0.96 	 -0.32 	  0.58 	  0.82 	 -0.44  
                 StepPoints.dat 	 0.16 	 0.47 	 0.44 	 0.45 	 0.38 	 0.56 	 0.44 	 0.50 	 0.41 	 0.52 	 0.45 	 0.45 	 0.48 	 0.47 	 0.52 	 0.31 	 0.45
                 PointsComp.dat 	 0.11
                dir_changes.dat	    0.00	    0.09	    0.02	    0.01	   -0.01	    0.00	    0.00	   -0.02	    0.00	    0.00	    0.04	    0.02	   -0.02	    0.00	    0.00	    0.02	    0.00	    0.01	   -0.00	    0.00	    0.00	    0.00	    0.00	    0.00	    0.05	    0.00	    0.02	    0.02	    0.00	    0.00	   -0.02	    0.00	    0.00	    0.00	    0.00	    0.02	    0.00	    0.00	    0.00	   -0.02	    0.00	    0.00	    0.00	    0.00	   -0.02	    0.00	    0.00	    0.00	    0.00	    0.00	    0.00	    0.00	    0.00	    0.00	    0.00	    0.00	    0.00	   -0.03	    0.00	    0.00	   -0.02	    0.00	   -0.02	    0.00
            cor_dir_changes.dat 	  0.55 	  0.55 	  0.27 	  0.00 	 -0.12 	  0.00 	  0.00 	 -0.12  
