D:\SOFTMAG\averaged\00000801.000\00000801.R0l 
20 30
64 736
-1104
1317
3522
5444
7018
8177
8856
9132
9180
9077
8901
8729
8639
8675
8767
8816
8727
8401
7741
6762
5577
4235
2785
1275
-246
-1648
-2867
-3952
-4950
-5911
-6883
-1228
693
2452
4005
5312
6332
7025
7561
7906
8128
8292
8467
8719
9044
9376
9613
9656
9405
8757
7611
6255
4738
3112
1427
-268
-1806
-3153
-4358
-5472
-6545
-7627
-1326
118
1450
2655
3717
4620
5349
6101
6701
7204
7667
8146
8697
9295
9852
10263
10423
10231
9582
8300
6804
5145
3375
1546
-290
-1944
-3398
-4704
-5913
-7078
-8251
-1461
-472
456
1335
2173
2981
3767
4701
5520
6270
6997
7745
8560
9411
10172
10734
10992
10838
10165
8783
7181
5414
3535
1597
-346
-2094
-3633
-5017
-6300
-7536
-8776
-1697
-1142
-593
-17
621
1356
2223
3311
4322
5292
6254
7244
8295
9373
10310
10998
11325
11182
10460
9013
7344
5505
3553
1543
-470
-2287
-3888
-5327
-6660
-7942
-9227
-2099
-1952
-1760
-1463
-1000
-313
658
1880
3064
4233
5411
6623
7892
9162
10243
11023
11387
11223
10417
8946
7248
5377
3392
1349
-695
-2557
-4194
-5663
-7020
-8323
-9627
-2731
-2967
-3107
-3063
-2752
-2088
-986
358
1702
3059
4441
5863
7337
8761
9947
10780
11142
10917
9990
8536
6850
4990
3013
979
-1055
-2934
-4580
-6051
-7406
-8703
-10000
-3539
-3981
-4313
-4441
-4274
-3719
-2683
-1160
379
1937
3515
5113
6732
8134
9284
10081
10422
10206
9332
7869
6202
4380
2455
478
-1500
-3309
-4915
-6370
-7726
-9032
-10339
-4360
-4991
-5497
-5780
-5739
-5275
-4288
-2602
-882
862
2620
4379
6128
7494
8594
9340
9647
9426
8590
7133
5499
3731
1872
-33
-1942
-3666
-5218
-6643
-7984
-9285
-10589
-5091
-5889
-6550
-6967
-7033
-6640
-5681
-3883
-2032
-151
1735
3605
5435
6755
7795
8482
8745
8509
7704
6282
4711
3025
1262
-542
-2351
-3971
-5451
-6827
-8135
-9412
-10695
-5627
-6570
-7363
-7891
-8040
-7696
-6743
-4918
-3022
-1090
840
2736
4560
5830
6807
7431
7645
7392
6612
5271
3807
2249
626
-1032
-2698
-4191
-5576
-6880
-8132
-9363
-10601
-5865
-6927
-7826
-8441
-8648
-8327
-7354
-5623
-3802
-1940
-85
1714
3413
4635
5548
6111
6278
6007
5254
4053
2756
1385
-37
-1490
-2952
-4292
-5554
-6759
-7929
-9087
-10252
-5700
-6854
-7831
-8504
-8742
-8415
-7396
-5913
-4323
-2687
-1064
485
1903
3082
3939
4445
4572
4289
3570
2582
1527
418
-729
-1902
-3086
-4241
-5349
-6423
-7480
-8532
-9595
-5183
-6167
-7007
-7606
-7863
-7682
-6962
-5855
-4663
-3425
-2185
-982
140
1088
1791
2226
2372
2208
1712
1050
320
-467
-1303
-2175
-3072
-4023
-4955
-5880
-6809
-7752
-8721
-4471
-5274
-5966
-6479
-6746
-6697
-6267
-5579
-4825
-4029
-3213
-2400
-1613
-884
-325
51
229
195
-65
-392
-788
-1247
-1760
-2322
-2924
-3675
-4437
-5218
-6025
-6866
-7746
-3620
-4230
-4763
-5180
-5444
-5519
-5366
-5107
-4803
-4459
-4078
-3665
-3226
-2712
-2290
-1968
-1753
-1653
-1674
-1676
-1748
-1887
-2089
-2351
-2668
-3216
-3805
-4439
-5120
-5854
-6643
-2686
-3093
-3454
-3764
-4016
-4201
-4315
-4465
-4590
-4677
-4711
-4678
-4564
-4268
-3987
-3722
-3473
-3240
-3025
-2731
-2508
-2357
-2277
-2267
-2329
-2662
-3066
-3540
-4085
-4700
-5386
-1723
-1916
-2096
-2288
-2515
-2802
-3172
-3678
-4180
-4645
-5041
-5335
-5495
-5426
-5296
-5098
-4825
-4471
-4028
-3487
-3018
-2625
-2311
-2079
-1933
-2032
-2230
-2524
-2911
-3387
-3949
-788
-756
-744
-807
-999
-1376
-1992
-2770
-3564
-4324
-4998
-5536
-5887
-6062
-6100
-5986
-5707
-5247
-4595
-3874
-3227
-2660
-2179
-1793
-1508
-1342
-1305
-1390
-1590
-1898
-2307
9
112
187
178
28
-317
-915
-1833
-2772
-3684
-4522
-5239
-5788
-6019
-6109
-6043
-5806
-5383
-4759
-3983
-3260
-2600
-2009
-1495
-1065
-729
-507
-392
-377
-453
-613
613
789
928
973
866
552
-26
-1003
-2004
-2985
-3904
-4718
-5383
-5674
-5821
-5807
-5618
-5236
-4646
-3854
-3098
-2386
-1725
-1125
-591
-112
266
554
759
887
949
1052
1302
1505
1605
1543
1261
702
-266
-1262
-2246
-3180
-4024
-4738
-5091
-5295
-5335
-5193
-4853
-4298
-3523
-2765
-2033
-1335
-680
-75
515
1021
1451
1813
2116
2367
1354
1678
1947
2102
2085
1837
1299
389
-550
-1487
-2384
-3207
-3921
-4331
-4591
-4681
-4585
-4284
-3761
-3025
-2288
-1558
-844
-156
496
1164
1761
2298
2782
3223
3629
1546
1945
2281
2493
2522
2308
1791
977
127
-726
-1551
-2319
-2996
-3458
-3767
-3902
-3845
-3577
-3079
-2395
-1690
-975
-259
448
1138
1842
2491
3094
3660
4200
4721
1656
2131
2535
2805
2881
2703
2209
1508
768
17
-717
-1409
-2031
-2535
-2882
-3052
-3024
-2779
-2297
-1667
-998
-301
414
1139
1863
2559
3215
3840
4444
5038
5631
1757
2306
2778
3110
3237
3097
2625
1995
1324
640
-28
-651
-1202
-1745
-2134
-2337
-2324
-2066
-1533
-840
-122
606
1330
2034
2704
3494
4190
4805
5356
5856
6322
1889
2511
3053
3447
3627
3526
3078
2475
1829
1168
523
-75
-599
-1156
-1561
-1773
-1752
-1456
-846
-56
746
1542
2310
3029
3680
4503
5176
5720
6155
6501
6779
2021
2719
3332
3790
4023
3963
3539
2936
2286
1621
972
369
-155
-706
-1106
-1306
-1255
-901
-193
720
1634
2522
3359
4119
4777
5575
6170
6585
6847
6982
7014
2127
2901
3586
4109
4398
4379
3981
3365
2700
2018
1352
733
195
-330
-709
-880
-781
-351
470
1524
2566
3563
4485
5302
5983
6704
7166
7400
7436
7306
7040
2179
3031
3789
4378
4722
4746
4375
3750
3074
2379
1699
1068
521
32
-310
-438
-279
240
1190
2391
3566
4679
5693
6573
7284
7879
8160
8164
7926
7483
6870
2149
3079
3912
4568
4969
5037
4694
4079
3410
2721
2048
1425
887
446
148
73
303
922
2011
3355
4661
5886
6989
7930
8668
9092
9148
8878
8322
7522
6518
