                   00000801.B0l 1
                      g_glb.dat 	   9.29 	   4.29 	   2.93 	   2.07 	   5.21 	   3.14 	   0.93 	   1.00
                      g_dir.dat 	  75.00 	 -24.00 	  35.00
                     g_step.dat 	   4.83 	  67.00 	  43.00 	  30.00 	   2.62 	  36.00 	  23.00 	  16.00
                    max_min.dat	    1.04	    1.40	    1.68	    1.51	    0.93	    0.67	    0.43	    0.35	    0.37	    0.46	    0.58	    0.75	    0.82	    0.93	    1.00	    1.13	    1.25	    1.21	    0.69	    0.41	    0.35	    0.36	    0.69	    0.97	    1.23	    1.47	    1.70	    1.76	    1.75	    1.64	    1.43	    1.15	    1.15	    1.09	    1.03	    0.99	    0.95	    0.93	    0.91	    0.91	    0.91	    0.92	    0.95	    1.00	    1.05	    1.14	    1.24	    1.37	    1.45	    1.51	    1.58	    1.65	    1.77	    1.85	    1.96	    2.04	    2.00	    1.98	    1.95	    1.84	    1.72	    1.64	    1.36	    1.00
                    cor_max.dat 	  0.71 	  0.71 	  0.85 	  0.57 	  0.88 	  0.83 	  0.92 	  0.89  
                     correl.dat	   -0.32	    0.30	    0.28	    0.26	    0.31	    0.27	   -0.08	   -0.27	   -0.36	   -0.41	   -0.42	   -0.26	    0.48	    0.67	    0.70	    0.74	    0.75	    0.63	    0.41	    0.23	    0.16	    0.30	    0.54	    0.72	    0.82	    0.85	    0.85	    0.84	    0.84	    0.82	    0.77	    0.71	    0.71	    0.70	    0.68	    0.67	    0.66	    0.65	    0.64	    0.64	    0.64	    0.63	    0.63	    0.63	    0.64	    0.64	    0.65	    0.66	    0.66	    0.67	    0.68	    0.68	    0.68	    0.68	    0.68	    0.68	    0.67	    0.66	    0.64	    0.62	    0.59	    0.54	    0.47	    0.37
               max_minValue.dat	    0.22	    0.37	    0.14	    1.13	    1.15	    1.37	  687.00	 -658.00	  843.00	 -604.00	  778.00	 -463.00	  643.00	 -427.00	  557.00	 -601.00	  621.00	 -927.00	  565.00	 -1328.00	  551.00	 -1578.00	  628.00	 -1678.00	  734.00	 -1597.00	  721.00	 -1243.00	  623.00	 -834.00	  601.00	 -737.00	  785.00	 -847.00	  955.00	 -951.00	 1044.00	 -925.00	 1033.00	 -827.00	  927.00	 -768.00	  729.00	 -1053.00	  546.00	 -1335.00	  517.00	 -1475.00	  544.00	 -1503.00	  933.00	 -1344.00	 1433.00	 -1482.00	 1975.00	 -1608.00	 2458.00	 -1673.00	 2903.00	 -1712.00	 3156.00	 -1793.00	 3289.00	 -1884.00	 3304.00	 -2017.00	 3214.00	 -2252.00	 3060.00	 -2665.00	 3060.00	 -2665.00	 2995.00	 -2751.00	 2923.00	 -2837.00	 2847.00	 -2876.00	 2776.00	 -2913.00	 2710.00	 -2922.00	 2643.00	 -2901.00	 2579.00	 -2841.00	 2519.00	 -2763.00	 2469.00	 -2681.00	 2431.00	 -2553.00	 2399.00	 -2399.00	 2375.00	 -2259.00	 2364.00	 -2071.00	 2357.00	 -1908.00	 2357.00	 -1724.00	 2358.00	 -1629.00	 2364.00	 -1564.00	 2365.00	 -1498.00	 2353.00	 -1430.00	 2331.00	 -1319.00	 2287.00	 -1238.00	 2233.00	 -1138.00	 2147.00	 -1055.00	 2036.00	 -1020.00	 1914.00	 -965.00	 1769.00	 -909.00	 1618.00	 -877.00	 1449.00	 -843.00	 1303.00	 -795.00	 1155.00	 -852.00	 1013.00	 -1014.00
                    cor_cor.dat 	  0.07 	  0.41 	  0.58 	 -0.57 	  0.86 	  0.85 	  0.85 	  0.89  
                  direction.dat	    0.16	    0.14	    0.48	    0.48	    0.47	    0.43	    0.44	    0.49	    0.86	    0.86	    0.88	    0.89	   -0.14	   -0.13	   -0.13	   -0.13	   -0.13	   -0.13	    0.39	    0.39	    0.50	    0.38	    0.34	   -0.14	   -0.13	   -0.13	   -0.08	   -0.08	   -0.07	   -0.07	    0.34	    0.34	    0.34	    0.34	    0.34	    0.34	    0.34	    0.35	    0.35	    0.35	    0.36	    0.36	    0.36	    0.36	    0.38	    0.38	    0.38	    0.27	    0.25	    0.25	    0.25	    0.25	    0.25	    0.25	    0.25	    0.25	   -0.08	   -0.09	   -0.09	   -0.08	   -0.09	   -0.08	    0.62	    0.67
                    cor_dir.dat 	 -0.51 	 -0.62 	 -0.58 	 -0.45 	  0.17 	 -0.45 	 -0.44 	  0.70  
                 StepPoints.dat 	 0.35 	 0.50 	 0.59 	 0.56 	 0.42 	 0.45 	 0.56 	 0.61 	 0.53 	 0.47 	 0.50 	 0.58 	 0.56 	 0.53 	 0.56 	 0.53 	 0.56
                 PointsComp.dat 	 0.27
                dir_changes.dat	    0.00	   -0.02	    0.34	    0.00	   -0.01	   -0.04	    0.01	    0.05	    0.37	    0.00	    0.02	    0.01	   -1.03	    0.01	    0.00	    0.00	    0.00	    0.00	    0.52	    0.00	    0.11	   -0.12	   -0.04	   -0.47	    0.01	    0.00	    0.04	    0.00	    0.02	    0.00	    0.41	    0.00	    0.00	    0.00	    0.00	    0.00	    0.00	    0.01	    0.00	    0.00	    0.01	    0.00	    0.00	    0.00	    0.02	    0.00	    0.00	   -0.11	   -0.02	    0.00	    0.00	    0.00	    0.00	    0.00	    0.00	    0.00	   -0.33	   -0.01	    0.00	    0.01	   -0.01	    0.01	    0.71	    0.05
            cor_dir_changes.dat 	 -0.11 	 -0.15 	 -0.27 	  0.00 	  0.34 	  0.00 	 -0.42 	  0.35  
