D:\SOFTMAG\cryoton\averaged\00001002.000\00001002.R0l 
20 30
64 742
-778
-1887
-2841
-3547
-3912
-3845
-3254
-2284
-1187
-26
1134
2234
3207
3958
4473
4811
5031
5192
5353
5537
5709
5841
5902
5863
5695
5318
4695
3853
2824
1635
318
-1975
-2804
-3490
-3951
-4110
-3885
-3198
-2283
-1255
-162
944
2016
3005
3838
4461
4929
5293
5607
5923
6164
6367
6506
6553
6483
6269
5881
5243
4382
3324
2096
723
-3054
-3628
-4071
-4314
-4291
-3935
-3177
-2320
-1365
-345
702
1744
2744
3647
4367
4951
5447
5901
6360
6665
6905
7057
7096
7001
6746
6353
5708
4834
3754
2492
1071
-3959
-4317
-4556
-4621
-4457
-4008
-3219
-2424
-1544
-601
385
1393
2401
3361
4164
4853
5468
6050
6640
7025
7318
7499
7548
7444
7167
6773
6125
5242
4145
2854
1390
-4632
-4828
-4918
-4858
-4606
-4119
-3353
-2622
-1820
-955
-33
938
1953
2956
3830
4610
5331
6028
6735
7228
7603
7841
7927
7842
7569
7178
6529
5640
4529
3212
1707
-5017
-5119
-5128
-5011
-4739
-4281
-3607
-2941
-2219
-1433
-577
357
1376
2409
3341
4199
5012
5810
6622
7261
7755
8089
8250
8223
7993
7605
6957
6063
4938
3596
2051
-5058
-5149
-5158
-5067
-4857
-4510
-4009
-3409
-2767
-2062
-1272
-375
648
1697
2671
3593
4486
5371
6273
7107
7770
8250
8536
8615
8478
8092
7444
6545
5405
4037
2452
-4842
-5080
-5223
-5254
-5155
-4910
-4499
-3980
-3405
-2752
-2003
-1136
-133
911
1887
2831
3776
4758
5812
6821
7665
8326
8788
9031
9040
8722
8098
7188
6007
4575
2907
-4524
-4927
-5222
-5394
-5425
-5299
-4998
-4555
-4040
-3435
-2721
-1879
-892
139
1110
2067
3057
4128
5326
6511
7538
8383
9022
9432
9589
9338
8739
7818
6597
5099
3349
-4143
-4723
-5183
-5507
-5679
-5684
-5504
-5142
-4692
-4139
-3466
-2654
-1686
-679
273
1232
2255
3403
4733
6090
7295
8318
9130
9701
10002
9826
9261
8337
7083
5529
3705
-3742
-4503
-5131
-5611
-5929
-6068
-6014
-5747
-5379
-4893
-4274
-3507
-2575
-1608
-688
256
1296
2504
3951
5468
6839
8030
9003
9724
10156
10072
9557
8647
7377
5783
3902
-3361
-4300
-5093
-5727
-6187
-6458
-6527
-6380
-6117
-5724
-5186
-4488
-3617
-2710
-1842
-931
106
1356
2900
4558
6077
7415
8531
9383
9929
9961
9521
8650
7389
5780
3866
-3042
-4148
-5096
-5873
-6465
-6859
-7040
-7049
-6927
-6661
-6238
-5645
-4870
-4046
-3255
-2400
-1387
-120
1497
3270
4912
6373
7607
8564
9198
9380
9047
8248
7029
5439
3525
-2822
-4009
-5044
-5920
-6628
-7159
-7506
-7670
-7708
-7602
-7336
-6894
-6257
-5508
-4773
-3961
-2981
-1740
-146
1690
3401
4938
6255
7308
8050
8279
8014
7300
6184
4711
2927
-2704
-3939
-5028
-5970
-6760
-7397
-7878
-8203
-8407
-8467
-8364
-8077
-7587
-6918
-6247
-5484
-4543
-3335
-1772
97
1845
3427
4798
5915
6734
7019
6830
6211
5206
3860
2215
-2667
-3920
-5033
-6009
-6852
-7563
-8147
-8622
-8978
-9193
-9241
-9099
-8741
-8157
-7552
-6841
-5941
-4769
-3239
-1371
380
1971
3362
4509
5370
5710
5596
5071
4177
2956
1449
-2694
-3935
-5043
-6025
-6891
-7648
-8306
-8900
-9380
-9719
-9888
-9860
-9606
-9104
-8563
-7902
-7043
-5905
-4407
-2578
-862
701
2072
3211
4077
4461
4412
3971
3177
2071
693
-2766
-3969
-5044
-6005
-6867
-7643
-8348
-9013
-9569
-9983
-10225
-10263
-10064
-9639
-9156
-8541
-7716
-6606
-5135
-3388
-1748
-253
1056
2145
2974
3383
3379
3002
2289
1278
8
-2865
-4003
-5021
-5936
-6770
-7539
-8266
-8935
-9500
-9924
-10172
-10209
-10000
-9641
-9208
-8627
-7828
-6737
-5283
-3662
-2143
-764
440
1434
2181
2584
2597
2255
1593
649
-542
-2940
-4049
-5039
-5922
-6713
-7426
-8076
-8676
-9176
-9542
-9739
-9736
-9499
-9100
-8642
-8059
-7289
-6268
-4932
-3452
-2076
-838
230
1098
1733
2085
2077
1740
1107
209
-921
-2961
-4036
-4993
-5839
-6583
-7235
-7803
-8309
-8719
-9000
-9122
-9054
-8763
-8318
-7828
-7237
-6490
-5533
-4308
-2970
-1739
-644
286
1027
1548
1829
1780
1430
805
-64
-1154
-2937
-3973
-4890
-5694
-6386
-6970
-7451
-7847
-8150
-8331
-8361
-8211
-7850
-7355
-6828
-6225
-5497
-4598
-3481
-2284
-1198
-247
546
1159
1567
1762
1658
1279
649
-209
-1272
-2877
-3867
-4739
-5493
-6126
-6636
-7023
-7301
-7490
-7564
-7496
-7256
-6819
-6270
-5705
-5087
-4375
-3533
-2521
-1464
-521
288
947
1434
1731
1829
1660
1242
596
-260
-1307
-2791
-3727
-4546
-5243
-5809
-6238
-6523
-6685
-6763
-6731
-6565
-6239
-5728
-5125
-4521
-3887
-3192
-2405
-1498
-578
225
898
1425
1790
1979
1976
1736
1274
606
-253
-1289
-2688
-3561
-4319
-4949
-5440
-5779
-5955
-6011
-5989
-5863
-5611
-5209
-4634
-3978
-3338
-2689
-2012
-1284
-483
306
976
1517
1917
2165
2252
2146
1835
1329
639
-224
-1250
-2592
-3308
-3928
-4446
-4856
-5152
-5327
-5303
-5218
-5043
-4749
-4308
-3691
-3054
-2421
-1779
-1114
-413
337
1013
1564
1984
2266
2404
2390
2203
1837
1300
598
-261
-1272
-2516
-3063
-3533
-3926
-4242
-4482
-4646
-4589
-4488
-4310
-4022
-3589
-2978
-2369
-1753
-1127
-484
178
868
1443
1888
2200
2377
2417
2315
2064
1662
1112
417
-420
-1398
-2451
-2817
-3126
-3382
-3594
-3766
-3907
-3855
-3777
-3635
-3390
-3003
-2437
-1863
-1273
-670
-58
559
1180
1666
2015
2230
2313
2264
2087
1784
1360
811
137
-664
-1596
-2388
-2563
-2699
-2809
-2905
-3000
-3106
-3088
-3063
-2985
-2813
-2502
-2009
-1477
-918
-345
231
798
1344
1749
2012
2139
2136
2009
1763
1420
982
443
-201
-959
-1834
-2316
-2291
-2245
-2199
-2170
-2178
-2241
-2277
-2323
-2331
-2251
-2036
-1636
-1149
-625
-85
450
962
1430
1761
1945
1991
1910
1711
1405
1025
577
52
-558
-1267
-2083
-2228
-1993
-1757
-1546
-1384
-1296
-1308
-1409
-1538
-1641
-1665
-1556
-1261
-821
-334
170
665
1120
1509
1772
1882
1852
1698
1433
1073
654
196
-314
-893
-1554
-2311
