                   00001002.B0l 1
                      g_glb.dat 	   3.93 	   2.21 	   0.71 	   1.00 	   1.14 	   0.00 	   0.36 	   0.79
                      g_dir.dat 	   0.00 	 -33.00 	  27.00
                     g_step.dat 	   1.90 	  35.00 	   8.00 	  16.00 	   0.50 	   0.00 	   5.00 	  11.00
                    max_min.dat	    0.91	    0.72	    0.66	    0.60	    0.58	    0.62	    0.56	    0.47	    0.39	    0.38	    0.40	    0.44	    0.49	    0.54	    0.61	    0.66	    0.73	    0.78	    0.84	    0.94	    1.05	    1.18	    1.31	    1.41	    1.51	    1.57	    1.59	    1.59	    1.59	    1.59	    1.58	    1.60	    1.60	    1.60	    1.61	    1.62	    1.62	    1.62	    1.59	    1.57	    1.55	    1.52	    1.49	    1.46	    1.42	    1.38	    1.34	    1.29	    1.22	    1.17	    1.11	    1.06	    1.01	    1.00	    1.00	    0.99	    0.99	    0.99	    0.98	    0.98	    0.96	    0.96	    0.93	    0.92
                    cor_max.dat 	  0.59 	  0.56 	  0.67 	  0.60 	  0.90 	  0.95 	  0.91 	  0.83  
                     correl.dat	    0.19	    0.33	    0.34	    0.42	    0.51	    0.56	    0.57	    0.56	    0.53	    0.52	    0.53	    0.55	    0.57	    0.61	    0.64	    0.67	    0.70	    0.72	    0.73	    0.75	    0.78	    0.81	    0.84	    0.86	    0.88	    0.89	    0.89	    0.89	    0.90	    0.90	    0.90	    0.90	    0.90	    0.91	    0.91	    0.91	    0.91	    0.91	    0.91	    0.91	    0.91	    0.91	    0.91	    0.90	    0.90	    0.90	    0.89	    0.88	    0.87	    0.86	    0.85	    0.84	    0.82	    0.81	    0.79	    0.78	    0.76	    0.74	    0.71	    0.69	    0.67	    0.65	    0.62	    0.59
               max_minValue.dat	    0.59	    0.53	    0.62	   -0.66	    1.60	    1.29	  459.00	 -504.00	  391.00	 -541.00	  371.00	 -559.00	  344.00	 -577.00	  369.00	 -634.00	  435.00	 -699.00	  436.00	 -775.00	  394.00	 -830.00	  339.00	 -866.00	  352.00	 -917.00	  399.00	 -988.00	  467.00	 -1070.00	  562.00	 -1151.00	  660.00	 -1213.00	  770.00	 -1257.00	  862.00	 -1302.00	 1009.00	 -1386.00	 1168.00	 -1500.00	 1370.00	 -1624.00	 1651.00	 -1759.00	 1945.00	 -1847.00	 2293.00	 -1937.00	 2699.00	 -2063.00	 3139.00	 -2220.00	 3667.00	 -2433.00	 4099.00	 -2604.00	 4499.00	 -2835.00	 4859.00	 -3058.00	 5163.00	 -3248.00	 5439.00	 -3431.00	 5597.00	 -3534.00	 5661.00	 -3541.00	 5661.00	 -3541.00	 5649.00	 -3520.00	 5628.00	 -3501.00	 5588.00	 -3459.00	 5524.00	 -3408.00	 5443.00	 -3356.00	 5289.00	 -3317.00	 5166.00	 -3290.00	 5024.00	 -3239.00	 4850.00	 -3192.00	 4678.00	 -3133.00	 4485.00	 -3074.00	 4271.00	 -3008.00	 4035.00	 -2928.00	 3802.00	 -2841.00	 3557.00	 -2753.00	 3180.00	 -2606.00	 2911.00	 -2497.00	 2656.00	 -2387.00	 2397.00	 -2266.00	 2165.00	 -2147.00	 2036.00	 -2027.00	 1911.00	 -1906.00	 1770.00	 -1784.00	 1645.00	 -1663.00	 1520.00	 -1540.00	 1324.00	 -1354.00	 1215.00	 -1245.00	 1093.00	 -1141.00	  985.00	 -1029.00	  876.00	 -939.00	  780.00	 -848.00
                    cor_cor.dat 	  0.75 	  0.63 	  0.77 	  0.80 	  0.98 	  1.00 	  0.98 	  0.96  
                  direction.dat	   -0.91	   -0.55	   -0.55	   -0.57	   -0.42	   -0.42	   -0.42	   -0.38	   -0.35	   -0.35	   -0.36	   -0.37	   -0.35	   -0.35	   -0.35	   -0.32	   -0.32	   -0.31	   -0.33	   -0.35	   -0.37	   -0.37	   -0.35	   -0.33	   -0.31	   -0.29	   -0.29	   -0.25	   -0.25	   -0.25	   -0.25	   -0.25	   -0.25	   -0.25	   -0.25	   -0.25	   -0.25	   -0.25	   -0.25	   -0.25	   -0.25	   -0.25	   -0.25	   -0.25	   -0.25	   -0.25	   -0.25	   -0.25	   -0.25	   -0.25	   -0.25	   -0.25	   -0.20	   -0.18	   -0.13	   -0.11	   -0.11	   -0.11	   -0.11	   -0.11	   -0.11	   -0.11	   -0.08	   -0.08
                    cor_dir.dat 	  0.64 	  0.67 	  0.57 	  0.63 	  0.37 	  0.53 	  0.50 	 -0.33  
                 StepPoints.dat 	 0.11 	 0.50 	 0.50 	 0.53 	 0.55 	 0.45 	 0.55 	 0.47 	 0.50 	 0.47 	 0.48 	 0.50 	 0.47 	 0.47 	 0.53 	 0.58 	 0.55
                 PointsComp.dat 	 0.10
                dir_changes.dat	    0.00	    0.36	    0.00	   -0.02	    0.15	    0.00	    0.00	    0.03	    0.04	   -0.01	   -0.01	   -0.01	    0.02	    0.00	    0.00	    0.03	    0.00	    0.00	   -0.02	   -0.02	   -0.02	    0.00	    0.02	    0.02	    0.02	    0.02	    0.00	    0.04	    0.00	    0.00	    0.00	    0.00	    0.00	    0.00	    0.00	    0.00	    0.00	    0.00	    0.00	    0.00	    0.00	    0.00	    0.00	    0.00	    0.00	    0.00	    0.00	    0.00	    0.00	    0.00	    0.00	    0.00	    0.05	    0.02	    0.05	    0.02	    0.00	    0.00	    0.00	    0.00	    0.00	    0.00	    0.03	    0.00
            cor_dir_changes.dat 	  0.83 	  0.90 	  0.30 	 -0.00 	  0.16 	  0.00 	  0.40 	  0.15  
