D:\SOFTMAG\AVERAGED\00003201.000\00003201.R0l 
20 30
64 754
-1605
-1472
-1344
-1214
-1074
-916
-733
-525
-313
-114
54
174
229
216
168
112
77
91
183
337
513
696
872
1027
1146
1191
1145
1020
832
594
321
-2166
-1893
-1621
-1348
-1074
-799
-523
-286
-53
178
414
655
908
1079
1234
1379
1520
1665
1819
1997
2141
2246
2311
2331
2303
2138
1912
1628
1291
902
465
-2692
-2296
-1895
-1497
-1107
-732
-380
-121
124
381
675
1030
1472
1809
2148
2475
2775
3031
3229
3450
3581
3630
3603
3508
3354
3003
2623
2207
1745
1231
658
-3139
-2649
-2149
-1654
-1177
-732
-333
-67
175
441
777
1229
1846
2352
2880
3394
3855
4228
4475
4743
4866
4861
4747
4542
4265
3759
3255
2734
2179
1570
890
-3464
-2921
-2363
-1812
-1289
-815
-411
-162
53
304
659
1185
1952
2655
3399
4127
4779
5295
5618
5922
6024
5954
5741
5413
5002
4375
3781
3191
2577
1907
1153
-3624
-3081
-2518
-1965
-1449
-998
-641
-442
-285
-80
260
828
1713
2664
3676
4668
5560
6271
6720
7032
7087
6924
6583
6106
5533
4823
4178
3557
2921
2229
1440
-3577
-3098
-2596
-2105
-1661
-1299
-1055
-944
-885
-767
-479
91
1055
2326
3679
5009
6215
7194
7844
8120
8083
7784
7273
6603
5825
5074
4420
3811
3196
2523
1743
-3375
-3041
-2662
-2284
-1951
-1707
-1597
-1652
-1757
-1775
-1565
-990
90
1723
3478
5220
6816
8131
9032
9208
9016
8524
7798
6906
5914
5061
4376
3793
3244
2662
1981
-3135
-2959
-2719
-2468
-2261
-2150
-2189
-2417
-2695
-2857
-2735
-2163
-974
1024
3185
5344
7333
8989
10145
10214
9861
9169
8222
7101
5889
4943
4236
3687
3213
2731
2157
-2902
-2889
-2792
-2675
-2598
-2625
-2818
-3220
-3671
-3977
-3942
-3374
-2077
245
2772
5304
7646
9600
10970
10967
10489
9634
8500
7186
5790
4772
4065
3572
3194
2833
2390
-2722
-2868
-2910
-2921
-2970
-3131
-3473
-4041
-4657
-5098
-5143
-4569
-3156
-596
2206
5025
7632
9798
11294
11298
10772
9831
8589
7160
5658
4602
3930
3527
3279
3073
2794
-2641
-2932
-3099
-3223
-3385
-3665
-4143
-4860
-5624
-6184
-6292
-5697
-4151
-1488
1459
4432
7170
9414
10904
11035
10582
9675
8445
7021
5534
4487
3895
3630
3560
3556
3487
-2706
-3117
-3385
-3600
-3850
-4226
-4816
-5657
-6544
-7198
-7344
-6703
-5000
-2412
501
3448
6139
8283
9587
10007
9789
9080
8025
6769
5458
4479
4029
3960
4127
4384
4587
-2909
-3419
-3795
-4110
-4436
-4848
-5418
-6162
-6927
-7484
-7606
-7066
-5635
-3356
-801
1798
4211
6205
7548
8107
8149
7787
7139
6320
5447
4902
4766
4923
5257
5651
5991
-3209
-3785
-4235
-4616
-4985
-5400
-5917
-6548
-7175
-7618
-7701
-7245
-6071
-4178
-2059
114
2171
3938
5242
5989
6337
6372
6180
5847
5459
5347
5525
5907
6406
6937
7413
-3596
-4214
-4714
-5138
-5527
-5921
-6361
-6864
-7337
-7652
-7681
-7293
-6362
-4898
-3257
-1550
107
1604
2827
3777
4446
4891
5169
5337
5449
5749
6220
6807
7451
8098
8690
-4060
-4706
-5243
-5696
-6089
-6448
-6798
-7159
-7466
-7639
-7599
-7267
-6564
-5535
-4379
-3147
-1894
-673
462
1594
2564
3401
4129
4776
5369
6041
6766
7516
8266
8988
9655
-4592
-5262
-5831
-6308
-6702
-7022
-7276
-7483
-7611
-7629
-7509
-7220
-6733
-6111
-5410
-4624
-3746
-2772
-1695
-434
783
1956
3081
4154
5174
6158
7076
7931
8725
9463
10147
-5183
-5881
-6487
-6993
-7393
-7679
-7844
-7886
-7823
-7676
-7464
-7207
-6926
-6645
-6334
-5928
-5362
-4569
-3486
-2185
-808
613
2046
3458
4816
6032
7064
7944
8705
9379
10000
-5756
-6463
-7078
-7593
-7997
-8282
-8439
-8417
-8293
-8086
-7816
-7503
-7166
-7032
-6876
-6635
-6245
-5641
-4761
-3315
-1801
-251
1302
2828
4295
5486
6489
7337
8062
8694
9267
-6246
-6962
-7587
-8110
-8519
-8804
-8954
-8884
-8715
-8464
-8153
-7800
-7424
-7349
-7262
-7098
-6797
-6295
-5531
-4043
-2497
-922
649
2186
3657
4781
5715
6489
7135
7684
8168
-6658
-7380
-8010
-8536
-8946
-9226
-9364
-9262
-9063
-8785
-8448
-8070
-7672
-7587
-7498
-7343
-7061
-6592
-5874
-4432
-2939
-1426
76
1537
2927
3952
4783
5451
5987
6421
6784
-6998
-7714
-8340
-8861
-9262
-9528
-9645
-9526
-9312
-9022
-8674
-8287
-7881
-7735
-7592
-7394
-7081
-6592
-5870
-4542
-3172
-1791
-427
888
2127
3030
3737
4278
4681
4978
5197
-7269
-7967
-8574
-9075
-9453
-9691
-9773
-9651
-9437
-9148
-8804
-8423
-8024
-7783
-7553
-7278
-6899
-6358
-5597
-4437
-3243
-2045
-872
245
1281
2050
2620
3020
3279
3425
3489
-7477
-8137
-8707
-9169
-9504
-9695
-9724
-9613
-9412
-9140
-8813
-8451
-8073
-7720
-7389
-7021
-6561
-5952
-5137
-4178
-3195
-2217
-1270
-384
412
1044
1475
1732
1843
1837
1743
-7634
-8122
-8546
-8897
-9167
-9348
-9433
-9324
-9153
-8925
-8645
-8319
-7952
-7531
-7112
-6658
-6129
-5489
-4698
-3918
-3140
-2381
-1662
-1001
-418
2
269
400
416
335
176
-7746
-8025
-8264
-8465
-8632
-8765
-8868
-8772
-8642
-8470
-8249
-7970
-7625
-7190
-6740
-6255
-5715
-5099
-4388
-3754
-3146
-2575
-2050
-1581
-1179
-933
-793
-750
-794
-914
-1100
-7810
-7845
-7866
-7885
-7914
-7966
-8054
-7983
-7906
-7802
-7650
-7430
-7120
-6710
-6266
-5788
-5273
-4720
-4126
-3622
-3170
-2770
-2423
-2131
-1893
-1795
-1756
-1775
-1851
-1982
-2169
-7820
-7583
-7357
-7165
-7028
-6971
-7015
-6981
-6969
-6945
-6876
-6727
-6465
-6099
-5682
-5230
-4761
-4290
-3835
-3462
-3166
-2938
-2771
-2656
-2584
-2618
-2662
-2725
-2816
-2943
-3113
-7772
-7239
-6742
-6315
-5989
-5798
-5774
-5790
-5857
-5927
-5953
-5889
-5687
-5368
-4979
-4557
-4135
-3749
-3434
-3210
-3088
-3051
-3082
-3162
-3275
-3432
-3553
-3654
-3753
-3867
-4014
-7660
-6812
-6026
-5344
-4810
-4467
-4357
-4437
-4596
-4773
-4909
-4943
-4816
-4526
-4151
-3742
-3352
-3035
-2844
-2805
-2893
-3082
-3345
-3657
-3990
-4273
-4472
-4613
-4723
-4828
-4954
