                   00003201.B0l 1
                      g_glb.dat 	   7.50 	   2.64 	   1.64 	   3.14 	   3.36 	   1.43 	   0.79 	   1.14
                      g_dir.dat 	   4.00 	  -2.00 	   4.00
                     g_step.dat 	   3.42 	  35.00 	  22.00 	  45.00 	   1.75 	   7.00 	  15.00 	  18.00
                    max_min.dat	    0.53	    1.16	    1.30	    1.03	    0.66	    0.59	    0.68	    0.86	    1.10	    1.23	    1.14	    1.35	    1.68	    1.85	    1.83	    1.71	    1.47	    1.49	    1.67	    1.74	    1.79	    1.80	    1.75	    1.67	    1.66	    1.69	    1.74	    1.83	    1.99	    2.12	    2.07	    2.03	    2.03	    2.03	    2.04	    2.04	    2.07	    2.10	    2.11	    2.14	    2.15	    2.17	    2.18	    2.20	    2.19	    2.18	    2.17	    2.14	    2.11	    2.06	    1.99	    1.91	    1.78	    1.69	    1.61	    1.51	    1.43	    1.35	    1.31	    1.26	    1.20	    1.12	    1.07	    1.03
                    cor_max.dat 	  0.70 	  0.60 	  0.75 	  0.88 	  0.87 	  0.83 	  0.86 	  0.96  
                     correl.dat	   -0.50	    0.28	    0.70	    0.74	    0.62	    0.48	    0.50	    0.61	    0.62	    0.59	    0.63	    0.72	    0.77	    0.76	    0.75	    0.75	    0.78	    0.80	    0.81	    0.81	    0.80	    0.82	    0.83	    0.84	    0.84	    0.84	    0.85	    0.87	    0.90	    0.91	    0.92	    0.92	    0.92	    0.91	    0.91	    0.91	    0.91	    0.91	    0.91	    0.91	    0.91	    0.91	    0.91	    0.92	    0.92	    0.91	    0.91	    0.91	    0.90	    0.90	    0.89	    0.88	    0.86	    0.84	    0.82	    0.80	    0.78	    0.76	    0.74	    0.72	    0.69	    0.67	    0.64	    0.61
               max_minValue.dat	    0.51	    0.54	    0.49	    1.71	    2.03	    2.14	   93.00	 -174.00	  173.00	 -149.00	  203.00	 -156.00	  228.00	 -221.00	  179.00	 -273.00	  170.00	 -287.00	  193.00	 -283.00	  243.00	 -283.00	  289.00	 -263.00	  323.00	 -263.00	  361.00	 -318.00	  443.00	 -329.00	  507.00	 -302.00	  599.00	 -324.00	  683.00	 -374.00	  703.00	 -411.00	  705.00	 -481.00	  745.00	 -499.00	  846.00	 -506.00	  947.00	 -544.00	 1044.00	 -584.00	 1132.00	 -628.00	 1176.00	 -671.00	 1196.00	 -715.00	 1228.00	 -739.00	 1283.00	 -757.00	 1331.00	 -766.00	 1369.00	 -748.00	 1413.00	 -709.00	 1462.00	 -689.00	 1528.00	 -739.00	 1561.00	 -769.00	 1561.00	 -769.00	 1558.00	 -769.00	 1548.00	 -760.00	 1533.00	 -750.00	 1501.00	 -724.00	 1471.00	 -702.00	 1439.00	 -681.00	 1413.00	 -661.00	 1381.00	 -642.00	 1356.00	 -626.00	 1332.00	 -611.00	 1308.00	 -595.00	 1266.00	 -578.00	 1231.00	 -564.00	 1193.00	 -551.00	 1145.00	 -535.00	 1091.00	 -518.00	 1027.00	 -498.00	  957.00	 -480.00	  886.00	 -463.00	  777.00	 -436.00	  705.00	 -418.00	  642.00	 -399.00	  576.00	 -382.00	  518.00	 -362.00	  462.00	 -341.00	  419.00	 -319.00	  375.00	 -298.00	  315.00	 -262.00	  276.00	 -247.00	  242.00	 -227.00	  218.00	 -212.00
                    cor_cor.dat 	  0.78 	  0.56 	  0.85 	  0.83 	  0.99 	  1.00 	  1.00 	  0.97  
                  direction.dat	   -0.31	   -0.31	    0.01	   -0.01	   -0.05	   -0.16	   -0.11	   -0.09	   -0.10	   -0.20	   -0.19	   -0.17	   -0.13	    0.40	    0.38	   -0.07	   -0.06	   -0.04	   -0.01	   -0.02	   -0.01	   -0.01	    0.04	    0.07	    0.07	    0.05	    0.04	    0.02	    0.02	    0.05	    0.06	    0.09	    0.09	    0.09	    0.06	    0.06	    0.06	    0.06	    0.05	    0.05	    0.05	    0.05	    0.05	    0.05	    0.05	    0.05	    0.05	    0.05	    0.05	    0.05	    0.06	    0.08	    0.08	    0.11	    0.09	    0.09	    0.09	    0.10	    0.08	    0.06	    0.04	    0.04	    0.01	   -0.02
                    cor_dir.dat 	  0.76 	  0.76 	  0.67 	  0.83 	 -0.38 	 -0.89 	 -0.85 	 -0.18  
                 StepPoints.dat 	 0.25 	 0.50 	 0.50 	 0.53 	 0.55 	 0.56 	 0.52 	 0.52 	 0.61 	 0.67 	 0.58 	 0.52 	 0.59 	 0.59 	 0.50 	 0.56 	 0.42
                 PointsComp.dat 	 0.18
                dir_changes.dat	    0.00	   -0.00	    0.33	   -0.03	   -0.04	   -0.11	    0.05	    0.02	   -0.02	   -0.10	    0.01	    0.02	    0.04	    0.53	   -0.02	   -0.45	    0.01	    0.02	    0.02	   -0.01	    0.01	    0.00	    0.05	    0.03	    0.00	   -0.02	   -0.01	   -0.01	    0.00	    0.02	    0.01	    0.03	    0.00	    0.00	   -0.03	    0.00	    0.00	    0.00	   -0.01	    0.00	    0.00	    0.00	    0.00	    0.00	    0.00	    0.00	    0.00	    0.00	    0.00	    0.00	    0.01	    0.02	    0.00	    0.03	   -0.02	    0.00	    0.00	    0.01	   -0.02	   -0.03	   -0.02	   -0.00	   -0.03	   -0.04
            cor_dir_changes.dat 	  0.04 	  0.09 	 -0.28 	 -0.00 	 -0.18 	  0.24 	  0.00 	 -0.18  
