D:\SOFTMAG\AVERAGED\00001901.000\00001901.r0l 
20 30
64 813
1760
1742
1729
1717
1703
1683
1653
1594
1511
1437
1403
1442
1586
1825
2089
2310
2426
2371
2080
1602
1051
461
-136
-709
-1226
-1598
-1784
-1815
-1724
-1543
-1306
1290
1350
1419
1494
1576
1661
1747
1783
1795
1817
1884
2028
2282
2643
3014
3336
3548
3591
3405
2998
2498
1936
1340
741
169
-345
-713
-964
-1129
-1236
-1316
823
952
1094
1249
1417
1599
1795
1924
2032
2152
2320
2569
2936
3407
3877
4289
4588
4720
4628
4294
3847
3313
2721
2098
1472
835
304
-147
-546
-921
-1300
385
570
772
993
1235
1500
1791
2013
2213
2429
2695
3049
3525
4099
4657
5150
5527
5738
5733
5474
5081
4580
3994
3350
2672
1934
1262
632
20
-600
-1255
3
225
468
737
1034
1364
1732
2042
2331
2637
2997
3449
4029
4697
5336
5902
6349
6631
6702
6522
6188
5721
5145
4483
3757
2942
2154
1370
568
-274
-1180
-298
-61
199
492
822
1195
1616
2005
2375
2763
3210
3752
4430
5183
5896
6526
7034
7380
7521
7424
7151
6723
6161
5484
4714
3849
2971
2060
1096
58
-1073
-493
-269
-17
271
605
992
1440
1897
2337
2797
3319
3942
4706
5538
6316
7005
7567
7968
8173
8162
7956
7572
7028
6343
5533
4646
3707
2697
1599
395
-933
-590
-435
-239
9
327
727
1225
1737
2239
2768
3356
4038
4849
5758
6597
7335
7943
8392
8653
8676
8505
8156
7643
6982
6186
5260
4259
3168
1973
658
-790
-655
-577
-449
-249
42
447
985
1541
2097
2683
3327
4059
4908
5885
6776
7556
8202
8692
9001
9055
8918
8603
8120
7481
6699
5755
4714
3564
2293
889
-658
-743
-746
-688
-541
-279
126
701
1303
1916
2564
3268
4054
4942
5978
6911
7722
8396
8916
9263
9349
9248
8966
8514
7900
7131
6187
5124
3932
2603
1128
-500
-911
-992
-1002
-905
-670
-261
353
1019
1706
2432
3213
4068
5015
6096
7058
7888
8577
9113
9486
9608
9544
9301
8883
8296
7544
6614
5541
4320
2946
1413
-283
-1213
-1364
-1433
-1378
-1161
-741
-78
682
1473
2308
3197
4152
5187
6299
7273
8107
8795
9333
9716
9879
9860
9660
9282
8728
8000
7091
6017
4776
3366
1783
27
-1706
-1912
-2025
-1998
-1785
-1338
-613
286
1226
2213
3253
4353
5520
6644
7614
8433
9103
9624
10000
10213
10246
10098
9769
9256
8560
7677
6606
5349
3905
2277
466
-2351
-2609
-2765
-2762
-2540
-2040
-1203
-102
1051
2247
3476
4726
5989
7133
8092
8878
9504
9984
10330
10546
10611
10518
10259
9830
9222
8336
7246
5959
4481
2818
978
-3050
-3349
-3539
-3550
-3309
-2745
-1788
-483
886
2293
3711
5114
6475
7630
8567
9311
9884
10313
10620
10842
10941
10904
10719
10375
9860
8971
7862
6545
5032
3335
1467
-3765
-4102
-4322
-4342
-4079
-3448
-2366
-869
703
2309
3905
5448
6894
8052
8960
9653
10167
10536
10796
11017
11142
11155
11038
10772
10341
9467
8357
7028
5498
3785
1906
-4460
-4836
-5088
-5120
-4836
-4139
-2935
-1273
477
2255
4003
5659
7165
8320
9192
9828
10274
10578
10785
10988
11124
11170
11103
10899
10536
9712
8635
7328
5816
4121
2266
-5097
-5521
-5812
-5864
-5567
-4813
-3493
-1706
181
2092
3950
5680
7205
8351
9182
9756
10131
10364
10512
10671
10792
10845
10803
10635
10314
9591
8599
7367
5924
4299
2520
-5640
-6124
-6469
-6554
-6258
-5460
-4040
-2181
-211
1777
3693
5442
6933
8066
8853
9361
9660
9819
9906
9985
10055
10080
10027
9860
9546
8992
8154
7065
5760
4274
2640
-6041
-6511
-6847
-6934
-6656
-5896
-4537
-2688
-731
1241
3142
4880
6367
7429
8164
8631
8887
8991
9000
8980
8962
8918
8818
8633
8335
7858
7151
6244
5164
3941
2605
-6292
-6758
-7097
-7198
-6949
-6238
-4953
-3157
-1260
651
2492
4175
5613
6604
7287
7712
7924
7973
7904
7782
7675
7558
7410
7204
6919
6529
5963
5246
4401
3453
2424
-6411
-6882
-7232
-7355
-7144
-6490
-5288
-3584
-1784
28
1770
3359
4712
5629
6261
6642
6810
6802
6656
6433
6238
6052
5857
5633
5363
5060
4637
4112
3504
2831
2111
-6416
-6897
-7264
-7415
-7247
-6657
-5542
-3961
-2290
-607
1005
2469
3704
4547
5124
5461
5583
5518
5291
4975
4699
4450
4215
3980
3732
3510
3222
2882
2503
2098
1680
-6326
-6820
-7207
-7388
-7266
-6741
-5717
-4283
-2764
-1237
222
1537
2630
3397
3918
4207
4281
4156
3847
3449
3104
2804
2540
2305
2091
1934
1766
1595
1430
1277
1145
-6160
-6666
-7072
-7283
-7207
-6748
-5813
-4544
-3194
-1838
-549
598
1533
2220
2681
2920
2943
2754
2360
1897
1499
1164
888
670
506
389
316
291
314
390
520
-5966
-6439
-6827
-7044
-7007
-6632
-5832
-4715
-3525
-2333
-1213
-237
521
1055
1382
1517
1476
1275
928
468
85
-231
-487
-690
-849
-794
-725
-635
-515
-359
-158
-5769
-6197
-6554
-6766
-6757
-6452
-5777
-4801
-3758
-2720
-1758
-944
-350
24
212
237
127
-93
-398
-819
-1154
-1416
-1616
-1770
-1889
-1720
-1568
-1420
-1263
-1084
-871
-5551
-5925
-6243
-6440
-6449
-6206
-5645
-4807
-3908
-3020
-2212
-1556
-1122
-911
-869
-958
-1144
-1389
-1658
-2010
-2265
-2441
-2556
-2629
-2677
-2445
-2260
-2104
-1960
-1808
-1632
-5294
-5607
-5879
-6055
-6077
-5890
-5437
-4739
-3987
-3251
-2601
-2106
-1835
-1794
-1901
-2111
-2375
-2650
-2887
-3144
-3293
-3358
-3362
-3328
-3279
-3025
-2848
-2726
-2636
-2553
-2456
-4978
-5227
-5451
-5602
-5633
-5499
-5150
-4603
-4009
-3436
-2953
-2629
-2532
-2664
-2925
-3257
-3605
-3912
-4122
-4263
-4285
-4218
-4089
-3927
-3760
-3517
-3382
-3326
-3322
-3341
-3355
-4586
-4771
-4945
-5071
-5112
-5029
-4786
-4406
-3986
-3593
-3294
-3158
-3253
-3561
-3978
-4437
-4872
-5215
-5400
-5408
-5287
-5071
-4793
-4487
-4186
-3978
-3908
-3944
-4051
-4196
-4346
