                   00001901.B0l 1
                      g_glb.dat 	   5.93 	   3.36 	   1.64 	   0.50 	   4.14 	   2.93 	   0.07 	   0.93
                      g_dir.dat 	  87.00 	 -66.00 	  56.00
                     g_step.dat 	   3.10 	  51.00 	  24.00 	  15.00 	   2.15 	  37.00 	   1.00 	  16.00
                    max_min.dat	    0.33	    0.56	    0.75	    0.67	    0.34	    0.15	    0.15	    0.19	    0.27	    0.38	    0.58	    0.88	    1.24	    1.16	    1.25	    1.21	    1.12	    1.16	    1.21	    1.18	    1.13	    1.12	    1.12	    1.06	    0.96	    0.90	    0.86	    0.84	    0.81	    0.82	    0.86	    0.90	    0.90	    0.90	    0.91	    0.92	    0.93	    0.93	    0.94	    0.95	    0.97	    0.98	    1.00	    1.02	    1.05	    1.08	    1.10	    1.14	    1.17	    1.22	    1.26	    1.29	    1.31	    1.31	    1.33	    1.33	    1.36	    1.42	    1.49	    1.55	    1.64	    1.69	    1.68	    1.62
                    cor_max.dat 	  0.46 	  0.44 	  0.54 	  0.44 	  0.86 	  0.80 	  0.86 	  0.91  
                     correl.dat	   -0.53	   -0.59	   -0.59	   -0.52	   -0.42	   -0.32	   -0.27	   -0.29	   -0.35	   -0.41	   -0.47	   -0.43	   -0.23	    0.35	    0.50	    0.62	    0.68	    0.69	    0.68	    0.71	    0.76	    0.79	    0.82	    0.86	    0.88	    0.89	    0.90	    0.90	    0.90	    0.90	    0.90	    0.89	    0.89	    0.89	    0.90	    0.90	    0.90	    0.90	    0.89	    0.89	    0.89	    0.88	    0.87	    0.87	    0.86	    0.86	    0.85	    0.85	    0.84	    0.84	    0.83	    0.83	    0.82	    0.82	    0.80	    0.79	    0.77	    0.73	    0.71	    0.68	    0.63	    0.59	    0.54	    0.51
               max_minValue.dat	   -0.33	   -0.57	   -0.19	    1.21	   -0.90	    1.14	  293.00	 -887.00	  468.00	 -843.00	  583.00	 -773.00	  512.00	 -761.00	  276.00	 -820.00	  132.00	 -876.00	  135.00	 -912.00	  179.00	 -945.00	  263.00	 -971.00	  358.00	 -946.00	  477.00	 -820.00	  572.00	 -651.00	  610.00	 -492.00	  559.00	 -483.00	  630.00	 -505.00	  695.00	 -576.00	  787.00	 -700.00	  923.00	 -797.00	 1044.00	 -861.00	 1177.00	 -999.00	 1320.00	 -1165.00	 1516.00	 -1354.00	 1811.00	 -1623.00	 2071.00	 -1962.00	 2327.00	 -2419.00	 2504.00	 -2793.00	 2707.00	 -3147.00	 2873.00	 -3440.00	 3027.00	 -3732.00	 3158.00	 -3862.00	 3309.00	 -3855.00	 3388.00	 -3783.00	 3388.00	 -3783.00	 3400.00	 -3761.00	 3396.00	 -3726.00	 3387.00	 -3693.00	 3362.00	 -3633.00	 3338.00	 -3582.00	 3308.00	 -3517.00	 3231.00	 -3396.00	 3178.00	 -3293.00	 3110.00	 -3183.00	 2998.00	 -2996.00	 2924.00	 -2864.00	 2798.00	 -2660.00	 2719.00	 -2527.00	 2631.00	 -2393.00	 2518.00	 -2203.00	 2433.00	 -2076.00	 2305.00	 -1892.00	 2220.00	 -1766.00	 2121.00	 -1641.00	 1973.00	 -1507.00	 1866.00	 -1424.00	 1695.00	 -1278.00	 1570.00	 -1178.00	 1456.00	 -1069.00	 1280.00	 -902.00	 1172.00	 -789.00	 1069.00	 -691.00	  923.00	 -563.00	  873.00	 -516.00	  795.00	 -474.00	  750.00	 -462.00
                    cor_cor.dat 	 -0.72 	 -0.89 	 -0.71 	 -0.62 	  0.97 	  0.99 	  0.97 	  0.96  
                  direction.dat	    0.83	    0.96	    0.96	    0.95	    0.94	   -0.98	   -1.00	   -0.97	    0.94	    0.95	    0.96	    0.96	    0.94	    0.50	    0.25	    0.25	    0.25	    0.25	    0.27	    0.27	    0.32	    0.30	    0.30	    0.30	    0.30	    0.30	    0.30	    0.30	    0.29	    0.29	    0.29	    0.29	    0.29	    0.29	    0.27	    0.27	    0.27	    0.27	    0.27	    0.27	    0.27	    0.27	    0.27	    0.27	    0.29	    0.29	    0.29	    0.29	    0.29	    0.29	    0.27	    0.27	    0.27	    0.27	    0.27	    0.27	    0.27	    0.27	    0.27	    0.27	    0.25	   -0.08	   -0.12	   -0.13
                    cor_dir.dat 	 -0.32 	 -0.55 	 -0.23 	  0.06 	 -0.47 	 -0.50 	 -0.47 	 -0.45  
                 StepPoints.dat 	 0.22 	 0.52 	 0.61 	 0.58 	 0.55 	 0.58 	 0.56 	 0.59 	 0.61 	 0.56 	 0.61 	 0.58 	 0.53 	 0.47 	 0.64 	 0.48 	 0.33
                 PointsComp.dat 	 0.18
                dir_changes.dat	    0.00	    0.13	    0.00	   -0.01	   -0.01	   -1.91	   -0.02	    0.03	    1.91	    0.01	    0.01	    0.00	   -0.02	   -0.44	   -0.25	    0.00	    0.00	    0.00	    0.02	    0.00	    0.04	   -0.02	    0.00	    0.00	    0.00	   -0.00	    0.00	    0.00	   -0.00	    0.00	    0.00	    0.00	    0.00	    0.00	   -0.02	    0.00	    0.00	    0.00	   -0.00	    0.00	    0.00	    0.00	    0.00	    0.00	    0.02	    0.00	    0.00	    0.00	    0.00	   -0.00	   -0.02	    0.00	    0.00	    0.00	    0.00	    0.00	    0.00	   -0.00	   -0.00	    0.00	   -0.02	   -0.33	   -0.04	   -0.02
            cor_dir_changes.dat 	  0.07 	  0.67 	 -0.01 	  0.00 	 -0.89 	  0.13 	  0.00 	 -0.90  
