D:\Арсен 20-06-11\Новая папка (2)\CRYOTON\AVERAGED\00001702.000\00001702.R0l 
20 30
64 628
1539
1356
1210
1168
1299
1672
2357
3272
4238
5170
5986
6601
6934
6978
6825
6528
6146
5734
5349
5057
4873
4767
4712
4679
4641
4521
4284
3957
3568
3146
2718
763
716
708
799
1048
1515
2258
3151
4085
5000
5833
6523
7007
7261
7341
7288
7143
6944
6732
6477
6276
6108
5955
5796
5611
5375
5033
4605
4111
3570
3003
44
116
231
440
791
1335
2121
2985
3882
4774
5619
6377
7007
7447
7739
7907
7974
7965
7904
7698
7493
7278
7040
6767
6448
6111
5679
5165
4581
3937
3247
-587
-425
-215
81
505
1098
1898
2721
3571
4428
5273
6088
6854
7467
7956
8330
8597
8765
8841
8705
8517
8274
7972
7607
7174
6748
6239
5652
4989
4255
3454
-1101
-890
-629
-285
169
768
1540
2306
3091
3897
4726
5581
6465
7246
7929
8506
8969
9309
9519
9481
9338
9096
8758
8328
7811
7305
6729
6077
5346
4531
3629
-1465
-1262
-1003
-669
-237
312
1001
1687
2385
3116
3907
4780
5759
6714
7597
8382
9046
9565
9913
10009
9948
9742
9404
8946
8380
7802
7165
6456
5663
4774
3778
-1649
-1521
-1334
-1076
-737
-304
232
810
1392
2022
2745
3607
4655
5799
6896
7904
8785
9497
10000
10273
10337
10211
9917
9474
8903
8256
7562
6800
5950
4992
3905
-1689
-1733
-1702
-1588
-1384
-1085
-682
-243
210
734
1382
2210
3274
4581
5861
7073
8177
9133
9900
10324
10519
10505
10301
9928
9406
8746
8018
7200
6273
5217
4012
-1668
-1897
-2034
-2075
-2020
-1867
-1612
-1318
-999
-589
-22
764
1838
3301
4755
6162
7481
8673
9698
10279
10611
10714
10607
10310
9844
9177
8419
7551
6553
5405
4087
-1621
-2038
-2345
-2546
-2642
-2637
-2533
-2385
-2200
-1903
-1419
-672
411
1996
3593
5163
6665
8060
9309
10053
10527
10752
10747
10533
10128
9470
8701
7801
6750
5528
4116
-1585
-2182
-2653
-3006
-3246
-3382
-3421
-3412
-3355
-3164
-2755
-2042
-942
708
2390
4065
5692
7234
8650
9561
10182
10534
10636
10507
10168
9550
8800
7898
6824
5558
4082
-1596
-2356
-2974
-3461
-3828
-4089
-4253
-4370
-4426
-4328
-3980
-3288
-2157
-523
1161
2858
4529
6135
7636
8717
9490
9972
10184
10146
9876
9341
8652
7790
6735
5468
3970
-1690
-2586
-3323
-3918
-4385
-4742
-5006
-5227
-5377
-5351
-5044
-4352
-3170
-1659
-78
1535
3142
4705
6185
7439
8365
8981
9307
9361
9164
8765
8192
7424
6443
5229
3764
-1870
-2849
-3676
-4361
-4910
-5333
-5639
-5823
-5929
-5876
-5581
-4962
-3938
-2596
-1206
212
1641
3059
4447
5703
6689
7416
7894
8131
8138
7874
7418
6763
5897
4811
3495
-2102
-3130
-4014
-4756
-5355
-5811
-6125
-6259
-6308
-6214
-5917
-5358
-4478
-3346
-2187
-1002
206
1439
2694
3935
4967
5788
6401
6804
7000
6884
6561
6032
5296
4352
3201
-2359
-3406
-4318
-5088
-5706
-6166
-6459
-6533
-6517
-6373
-6066
-5557
-4812
-3911
-3004
-2076
-1107
-81
1020
2223
3275
4167
4891
5438
5799
5835
5649
5251
4649
3853
2870
-2618
-3658
-4571
-5341
-5953
-6389
-6635
-6645
-6559
-6361
-6039
-5577
-4963
-4294
-3642
-2972
-2246
-1428
-482
650
1692
2624
3429
4088
4583
4765
4712
4439
3967
3312
2494
-2853
-3863
-4754
-5501
-6082
-6472
-6647
-6594
-6438
-6187
-5849
-5435
-4951
-4498
-4084
-3655
-3154
-2528
-1721
-696
297
1231
2078
2810
3401
3715
3778
3617
3258
2731
2061
-3042
-4000
-4848
-5553
-6083
-6407
-6491
-6379
-6157
-5857
-5510
-5148
-4801
-4527
-4314
-4089
-3778
-3307
-2603
-1731
-831
57
901
1661
2302
2724
2879
2803
2534
2108
1562
-3153
-4008
-4764
-5392
-5863
-6149
-6221
-6107
-5894
-5609
-5281
-4935
-4601
-4440
-4333
-4213
-4016
-3674
-3121
-2319
-1493
-678
94
790
1377
1814
2010
1998
1811
1483
1045
-3181
-3940
-4609
-5164
-5582
-5836
-5903
-5797
-5604
-5346
-5048
-4731
-4420
-4324
-4273
-4210
-4077
-3815
-3367
-2642
-1899
-1168
-476
146
671
1093
1301
1323
1189
928
570
-3141
-3805
-4391
-4879
-5246
-5473
-5538
-5450
-5286
-5064
-4805
-4526
-4248
-4177
-4143
-4098
-3990
-3769
-3384
-2744
-2090
-1447
-841
-297
159
541
736
768
663
445
141
-3042
-3615
-4121
-4543
-4863
-5064
-5129
-5066
-4938
-4759
-4545
-4311
-4073
-3997
-3951
-3893
-3781
-3571
-3221
-2666
-2103
-1551
-1034
-570
-183
139
301
323
227
33
-236
-2898
-3381
-3807
-4164
-4437
-4613
-4680
-4646
-4558
-4427
-4263
-4079
-3885
-3784
-3706
-3615
-3478
-3259
-2924
-2453
-1978
-1517
-1085
-701
-382
-132
-18
-20
-122
-307
-557
-2722
-3113
-3459
-3749
-3975
-4126
-4193
-4190
-4145
-4063
-3952
-3819
-3672
-3535
-3414
-3281
-3108
-2870
-2539
-2147
-1756
-1378
-1027
-717
-461
-295
-237
-273
-391
-577
-817
-2544
-2833
-3088
-3305
-3479
-3604
-3675
-3697
-3686
-3647
-3584
-3501
-3404
-3266
-3136
-2990
-2800
-2542
-2190
-1856
-1525
-1209
-922
-676
-484
-350
-321
-385
-528
-738
-1001
-2383
-2562
-2720
-2856
-2970
-3062
-3130
-3170
-3187
-3183
-3161
-3122
-3068
-2956
-2846
-2713
-2534
-2284
-1940
-1643
-1352
-1078
-835
-633
-485
-374
-364
-444
-603
-827
-1105
-2225
-2289
-2344
-2394
-2444
-2496
-2556
-2608
-2648
-2676
-2689
-2689
-2674
-2607
-2534
-2434
-2283
-2060
-1742
-1466
-1198
-950
-734
-560
-439
-345
-350
-442
-611
-844
-1132
-2059
-2004
-1952
-1912
-1893
-1903
-1950
-2012
-2073
-2129
-2176
-2212
-2233
-2219
-2193
-2134
-2021
-1833
-1549
-1281
-1024
-789
-587
-428
-322
-246
-265
-369
-548
-790
-1087
-1872
-1695
-1534
-1402
-1311
-1276
-1309
-1381
-1462
-1546
-1627
-1699
-1757
-1795
-1814
-1795
-1719
-1566
-1316
-1046
-791
-560
-363
-210
-109
-55
-93
-214
-408
-665
-976
-1653
-1353
-1081
-856
-693
-612
-630
-714
-818
-932
-1049
-1159
-1256
-1335
-1390
-1401
-1351
-1221
-995
-718
-460
-227
-29
123
223
245
178
30
-188
-469
-804
