                   00001702.B0l 1
                      g_glb.dat 	   3.58 	   0.00 	   1.08 	   1.67 	   2.17 	   0.25 	   0.75 	   1.17
                      g_dir.dat 	   0.00 	   0.00 	   0.00
                     g_step.dat 	   0.97 	   0.00 	  13.00 	   3.00 	   0.90 	   3.00 	   9.00 	  14.00
                    max_min.dat	    0.52	    0.63	    0.63	    0.62	    0.66	    0.71	    0.76	    0.82	    0.84	    0.84	    0.88	    0.94	    0.97	    0.97	    0.86	    0.74	    0.72	    0.74	    0.82	    0.91	    0.99	    1.02	    1.04	    1.05	    1.06	    1.06	    1.07	    1.01	    0.97	    0.97	    0.99	    1.04	    1.04	    1.07	    1.08	    1.11	    1.13	    1.16	    1.18	    1.22	    1.25	    1.30	    1.33	    1.39	    1.45	    1.49	    1.57	    1.61	    1.64	    1.65	    1.68	    1.70	    1.73	    1.74	    1.74	    1.75	    1.74	    1.73	    1.72	    1.69	    1.67	    1.62	    1.60	    1.54
                    cor_max.dat 	  0.61 	  0.48 	  0.70 	  0.81 	  0.93 	  0.89 	  0.97 	  0.91  
                     correl.dat	    0.25	    0.45	    0.47	    0.48	    0.52	    0.55	    0.59	    0.62	    0.62	    0.62	    0.63	    0.65	    0.70	    0.73	    0.75	    0.76	    0.76	    0.78	    0.80	    0.82	    0.83	    0.83	    0.83	    0.84	    0.85	    0.87	    0.88	    0.89	    0.90	    0.91	    0.92	    0.92	    0.92	    0.92	    0.92	    0.91	    0.91	    0.91	    0.91	    0.90	    0.90	    0.90	    0.89	    0.89	    0.88	    0.88	    0.87	    0.87	    0.86	    0.86	    0.85	    0.85	    0.84	    0.83	    0.83	    0.83	    0.83	    0.83	    0.83	    0.83	    0.83	    0.83	    0.84	    0.84
               max_minValue.dat	    0.55	    0.00	    0.77	   -0.74	    1.04	    1.61	  721.00	 -1378.00	  961.00	 -1520.00	  982.00	 -1558.00	  961.00	 -1539.00	  989.00	 -1493.00	 1030.00	 -1459.00	 1080.00	 -1424.00	 1139.00	 -1388.00	 1187.00	 -1408.00	 1262.00	 -1496.00	 1330.00	 -1518.00	 1429.00	 -1525.00	 1544.00	 -1594.00	 1655.00	 -1715.00	 1799.00	 -2093.00	 1981.00	 -2665.00	 2158.00	 -3010.00	 2398.00	 -3233.00	 2704.00	 -3280.00	 2998.00	 -3278.00	 3446.00	 -3490.00	 3965.00	 -3892.00	 4462.00	 -4292.00	 5091.00	 -4831.00	 5656.00	 -5327.00	 6329.00	 -5959.00	 7018.00	 -6588.00	 7588.00	 -7497.00	 8267.00	 -8502.00	 8894.00	 -9186.00	 9331.00	 -9438.00	 9664.00	 -9270.00	 9664.00	 -9270.00	 9711.00	 -9093.00	 9716.00	 -8983.00	 9685.00	 -8725.00	 9657.00	 -8575.00	 9569.00	 -8232.00	 9498.00	 -8039.00	 9325.00	 -7621.00	 9220.00	 -7395.00	 8973.00	 -6919.00	 8837.00	 -6668.00	 8515.00	 -6140.00	 8151.00	 -5605.00	 7956.00	 -5338.00	 7534.00	 -4795.00	 7308.00	 -4530.00	 6865.00	 -4195.00	 6667.00	 -4032.00	 6258.00	 -3715.00	 6044.00	 -3552.00	 5609.00	 -3251.00	 5170.00	 -2969.00	 4952.00	 -2841.00	 4512.00	 -2584.00	 4298.00	 -2465.00	 3869.00	 -2233.00	 3665.00	 -2131.00	 3260.00	 -1925.00	 3066.00	 -1841.00	 2695.00	 -1660.00	 2521.00	 -1574.00	 2189.00	 -1421.00
                    cor_cor.dat 	  0.80 	  0.74 	  0.79 	  0.85 	  0.97 	  0.99 	  0.98 	  0.94  
                  direction.dat	   -0.25	   -0.25	   -0.25	   -0.25	   -0.25	   -0.25	   -0.25	   -0.25	   -0.25	   -0.25	   -0.25	   -0.25	   -0.23	   -0.21	   -0.19	   -0.11	   -0.11	   -0.11	   -0.11	   -0.17	   -0.17	   -0.13	   -0.13	   -0.13	   -0.11	   -0.10	   -0.09	   -0.08	   -0.07	   -0.04	   -0.00	   -0.00	   -0.00	   -0.00	   -0.00	   -0.00	   -0.00	   -0.00	   -0.00	   -0.00	   -0.00	   -0.00	   -0.00	   -0.05	   -0.05	   -0.05	   -0.06	   -0.05	   -0.05	   -0.06	   -0.06	   -0.06	   -0.06	   -0.07	   -0.07	   -0.07	   -0.04	   -0.05	   -0.05	   -0.05	   -0.05	   -0.05	   -0.03	   -0.04
                    cor_dir.dat 	  0.77 	  0.78 	  0.78 	  0.77 	 -0.02 	  0.00 	  0.85 	 -0.23  
                 StepPoints.dat 	 0.13 	 0.52 	 0.52 	 0.48 	 0.53 	 0.58 	 0.52 	 0.52 	 0.66 	 0.58 	 0.64 	 0.53 	 0.53 	 0.50 	 0.53 	 0.58 	 0.58
                 PointsComp.dat 	 0.11
                dir_changes.dat	    0.00	    0.00	    0.00	    0.00	    0.00	    0.00	    0.00	    0.00	    0.00	    0.00	    0.00	    0.00	    0.02	    0.02	    0.02	    0.08	    0.00	    0.00	    0.00	   -0.06	    0.00	    0.04	    0.00	    0.00	    0.02	    0.01	    0.01	    0.01	    0.01	    0.03	    0.04	    0.00	    0.00	    0.00	    0.00	    0.00	    0.00	    0.00	    0.00	    0.00	    0.00	    0.00	    0.00	   -0.05	    0.00	    0.00	   -0.01	    0.02	    0.00	   -0.01	    0.00	    0.00	    0.00	   -0.01	    0.00	    0.00	    0.03	   -0.01	    0.00	    0.00	    0.00	    0.00	    0.03	   -0.01
            cor_dir_changes.dat 	  0.00 	  0.00 	  0.00 	  0.77 	  0.14 	  0.00 	  0.33 	  0.14  
