D:\SOFTMAG\averaged\00000501.000\00000501.R0l 
20 30
64 922
996
1045
1086
1114
1121
1099
1044
980
931
881
816
720
580
413
272
186
188
309
580
975
1439
1956
2510
3084
3665
4208
4695
5140
5559
5967
6382
701
728
757
779
788
775
734
689
664
649
631
598
539
490
465
503
642
919
1372
1915
2510
3139
3783
4422
5038
5552
5967
6302
6575
6807
7015
428
431
445
460
469
463
435
399
391
402
422
444
458
514
594
744
1007
1427
2051
2730
3446
4177
4900
5594
6236
6732
7088
7325
7465
7531
7546
176
150
143
146
150
146
125
93
95
124
177
246
327
472
641
887
1258
1807
2584
3398
4233
5064
5866
6612
7277
7768
8076
8227
8246
8159
7992
-55
-119
-155
-173
-183
-194
-216
-249
-243
-198
-118
-6
136
351
591
912
1373
2031
2944
3898
4858
5795
6681
7486
8181
8678
8951
9028
8938
8710
8373
-268
-382
-460
-511
-546
-576
-612
-649
-640
-583
-479
-326
-124
138
425
801
1328
2073
3098
4207
5307
6365
7348
8226
8966
9481
9730
9745
9559
9202
8707
-464
-643
-777
-877
-954
-1018
-1083
-1125
-1114
-1046
-917
-724
-464
-179
128
532
1100
1905
3017
4304
5565
6766
7871
8844
9651
10196
10434
10399
10127
9653
9013
-643
-897
-1100
-1262
-1393
-1502
-1601
-1626
-1591
-1494
-1336
-1117
-836
-555
-252
151
737
1586
2777
4209
5621
6974
8228
9343
10277
10833
11047
10961
10616
10050
9304
-806
-1136
-1409
-1634
-1819
-1975
-2109
-2120
-2062
-1938
-1752
-1508
-1209
-942
-657
-264
327
1208
2468
4039
5598
7100
8499
9751
10810
11381
11578
11448
11035
10384
9540
-946
-1350
-1691
-1978
-2217
-2417
-2585
-2592
-2521
-2380
-2177
-1919
-1612
-1369
-1110
-736
-148
755
2075
3768
5455
7087
8613
9983
11148
11747
11940
11777
11308
10584
9653
-1059
-1532
-1937
-2281
-2570
-2809
-3006
-3028
-2964
-2826
-2625
-2371
-2076
-1862
-1636
-1289
-709
211
1583
3365
5148
6877
8498
9954
11192
11837
12042
11865
11358
10578
9579
-1138
-1673
-2136
-2529
-2860
-3132
-3351
-3415
-3386
-3279
-3107
-2886
-2631
-2450
-2260
-1942
-1376
-441
980
2804
4636
6415
8083
9579
10843
11556
11798
11629
11108
10296
9252
-1179
-1766
-2275
-2709
-3071
-3365
-3597
-3740
-3783
-3742
-3637
-3486
-3307
-3160
-3007
-2719
-2166
-1219
251
2055
3875
5643
7297
8771
10000
10811
11119
10987
10482
9666
8607
-1189
-1753
-2246
-2679
-3066
-3415
-3740
-3991
-4154
-4235
-4240
-4176
-4049
-3907
-3736
-3425
-2861
-1933
-529
1212
2952
4636
6206
7608
8785
9543
9852
9769
9350
8650
7725
-1182
-1711
-2177
-2600
-2999
-3392
-3800
-4167
-4459
-4669
-4793
-4826
-4760
-4621
-4429
-4092
-3515
-2604
-1265
382
2014
3582
5039
6338
7433
8145
8464
8437
8112
7534
6752
-1160
-1644
-2074
-2476
-2878
-3306
-3786
-4270
-4691
-5032
-5276
-5405
-5402
-5266
-5055
-4692
-4102
-3209
-1936
-403
1096
2526
3847
5021
6011
6677
7006
7037
6806
6352
5713
-1126
-1556
-1940
-2314
-2711
-3164
-3709
-4302
-4846
-5310
-5666
-5885
-5937
-5808
-5580
-5197
-4598
-3726
-2523
-1120
233
1510
2681
3716
4586
5201
5534
5615
5472
5135
4633
-1080
-1449
-1782
-2120
-2504
-2976
-3578
-4266
-4916
-5489
-5943
-6236
-6328
-6212
-5976
-5577
-4976
-4133
-3006
-1740
-537
580
1594
2483
3227
3777
4100
4218
4150
3917
3539
-1025
-1328
-1603
-1899
-2265
-2750
-3404
-4163
-4898
-5556
-6084
-6428
-6537
-6444
-6208
-5805
-5212
-4406
-3365
-2234
-1182
-222
636
1381
2001
2465
2759
2893
2880
2730
2456
-968
-1241
-1492
-1767
-2113
-2579
-3213
-3993
-4753
-5443
-6010
-6402
-6569
-6486
-6264
-5885
-5327
-4574
-3606
-2616
-1703
-876
-146
478
988
1419
1697
1831
1832
1708
1469
-914
-1158
-1383
-1636
-1963
-2409
-3023
-3801
-4564
-5263
-5847
-6265
-6467
-6401
-6201
-5852
-5338
-4645
-3757
-2885
-2087
-1372
-746
-218
204
589
840
962
965
855
640
-863
-1076
-1274
-1504
-1810
-2236
-2828
-3586
-4334
-5023
-5605
-6030
-6250
-6206
-6034
-5720
-5256
-4628
-3826
-3053
-2353
-1730
-1191
-741
-386
-54
160
263
259
155
-43
-813
-993
-1163
-1368
-1651
-2055
-2623
-3347
-4065
-4731
-5296
-5714
-5937
-5919
-5778
-5505
-5094
-4536
-3824
-3136
-2517
-1972
-1505
-1118
-817
-542
-368
-290
-304
-407
-594
-764
-908
-1048
-1225
-1482
-1861
-2404
-3082
-3760
-4392
-4930
-5330
-5546
-5557
-5450
-5220
-4865
-4379
-3761
-3146
-2598
-2120
-1714
-1380
-1121
-906
-773
-721
-747
-849
-1027
-715
-820
-925
-1072
-1301
-1651
-2166
-2792
-3423
-4013
-4519
-4894
-5096
-5137
-5066
-4880
-4582
-4170
-3646
-3097
-2614
-2197
-1844
-1556
-1334
-1175
-1081
-1052
-1087
-1188
-1353
-661
-720
-785
-896
-1092
-1411
-1894
-2467
-3049
-3600
-4076
-4435
-4636
-4706
-4667
-4524
-4281
-3939
-3505
-3037
-2628
-2277
-1980
-1736
-1544
-1437
-1375
-1359
-1391
-1473
-1606
-604
-610
-629
-698
-855
-1137
-1582
-2111
-2655
-3175
-3630
-3983
-4193
-4285
-4275
-4170
-3976
-3701
-3351
-2974
-2649
-2372
-2140
-1949
-1797
-1725
-1679
-1660
-1672
-1719
-1804
-543
-491
-458
-481
-594
-834
-1235
-1726
-2236
-2730
-3171
-3522
-3747
-3859
-3874
-3803
-3656
-3444
-3176
-2894
-2657
-2460
-2298
-2166
-2059
-2010
-1966
-1931
-1911
-1910
-1934
-479
-365
-276
-248
-312
-505
-859
-1312
-1791
-2261
-2688
-3039
-3279
-3409
-3448
-3410
-3308
-3156
-2968
-2782
-2635
-2520
-2430
-2357
-2296
-2261
-2210
-2150
-2088
-2030
-1984
-413
-233
-85
-1
-14
-155
-458
-871
-1315
-1758
-2169
-2518
-2771
-2918
-2981
-2975
-2918
-2827
-2718
-2626
-2567
-2530
-2508
-2493
-2475
-2447
-2383
-2292
-2182
-2062
-1939
-348
-98
112
255
298
210
-38
-404
-807
-1217
-1605
-1944
-2205
-2370
-2457
-2485
-2474
-2444
-2417
-2412
-2432
-2468
-2508
-2542
-2562
-2538
-2460
-2335
-2175
-1989
-1789
