                   00000501.B0l 1
                      g_glb.dat 	   4.79 	   3.36 	   1.14 	   0.14 	   3.79 	   2.50 	   0.36 	   0.93
                      g_dir.dat 	   0.00 	 -39.00 	  19.00
                     g_step.dat 	   2.45 	  44.00 	  28.00 	   2.00 	   1.66 	  27.00 	   5.00 	  13.00
                    max_min.dat	    1.38	    1.31	    1.29	    1.36	    1.49	    1.69	    1.93	    2.04	    2.21	    2.32	    2.29	    1.89	    1.60	    1.54	    1.56	    1.59	    1.57	    1.51	    1.42	    1.35	    1.40	    1.42	    1.39	    1.38	    1.40	    1.43	    1.44	    1.43	    1.42	    1.40	    1.39	    1.38	    1.38	    1.37	    1.35	    1.34	    1.32	    1.31	    1.29	    1.27	    1.25	    1.24	    1.22	    1.21	    1.21	    1.21	    1.22	    1.22	    1.23	    1.25	    1.27	    1.29	    1.32	    1.34	    1.36	    1.37	    1.39	    1.39	    1.40	    1.40	    1.40	    1.42	    1.47	    1.53
                    cor_max.dat 	  0.78 	  0.73 	  0.93 	  0.77 	  0.93 	  0.96 	  0.90 	  0.94  
                     correl.dat	    0.44	    0.52	    0.54	    0.55	    0.57	    0.58	    0.60	    0.63	    0.66	    0.66	    0.67	    0.67	    0.70	    0.73	    0.76	    0.77	    0.76	    0.76	    0.77	    0.79	    0.83	    0.85	    0.86	    0.88	    0.90	    0.91	    0.92	    0.92	    0.93	    0.93	    0.93	    0.92	    0.92	    0.92	    0.92	    0.92	    0.91	    0.91	    0.91	    0.90	    0.90	    0.89	    0.89	    0.88	    0.88	    0.88	    0.87	    0.87	    0.87	    0.86	    0.86	    0.86	    0.86	    0.86	    0.86	    0.86	    0.86	    0.86	    0.85	    0.84	    0.84	    0.83	    0.81	    0.80
               max_minValue.dat	    0.74	    0.69	    0.77	    1.59	    1.38	    1.22	  949.00	 -688.00	  993.00	 -757.00	 1094.00	 -848.00	 1185.00	 -869.00	 1248.00	 -837.00	 1321.00	 -782.00	 1367.00	 -709.00	 1396.00	 -685.00	 1407.00	 -636.00	 1426.00	 -614.00	 1411.00	 -616.00	 1351.00	 -713.00	 1321.00	 -825.00	 1366.00	 -887.00	 1468.00	 -941.00	 1586.00	 -996.00	 1646.00	 -1050.00	 1698.00	 -1124.00	 1752.00	 -1234.00	 1847.00	 -1368.00	 2141.00	 -1528.00	 2420.00	 -1709.00	 2683.00	 -1930.00	 2946.00	 -2134.00	 3349.00	 -2394.00	 3842.00	 -2678.00	 4218.00	 -2922.00	 4531.00	 -3169.00	 4762.00	 -3361.00	 4985.00	 -3554.00	 5137.00	 -3689.00	 5163.00	 -3748.00	 5163.00	 -3748.00	 5124.00	 -3744.00	 5018.00	 -3711.00	 4923.00	 -3677.00	 4812.00	 -3637.00	 4677.00	 -3570.00	 4454.00	 -3459.00	 4289.00	 -3376.00	 4120.00	 -3288.00	 3943.00	 -3179.00	 3681.00	 -3012.00	 3508.00	 -2889.00	 3335.00	 -2757.00	 3171.00	 -2625.00	 2948.00	 -2422.00	 2799.00	 -2291.00	 2660.00	 -2166.00	 2530.00	 -2030.00	 2346.00	 -1841.00	 2214.00	 -1713.00	 2100.00	 -1592.00	 1977.00	 -1480.00	 1795.00	 -1321.00	 1680.00	 -1226.00	 1574.00	 -1131.00	 1465.00	 -1054.00	 1337.00	 -958.00	 1261.00	 -900.00	 1192.00	 -849.00	 1130.00	 -798.00	 1071.00	 -730.00	 1034.00	 -676.00
                    cor_cor.dat 	  0.84 	  0.83 	  0.82 	  0.87 	  0.97 	  0.99 	  0.98 	  0.95  
                  direction.dat	   -0.71	   -0.63	   -0.61	   -0.61	   -0.62	   -0.65	   -0.66	   -0.66	   -0.66	   -0.66	   -0.33	   -0.33	   -0.31	   -0.30	   -0.27	   -0.28	   -0.28	   -0.28	   -0.27	   -0.25	   -0.22	   -0.20	   -0.18	   -0.16	   -0.15	   -0.15	   -0.15	   -0.15	   -0.14	   -0.14	   -0.14	   -0.13	   -0.13	   -0.13	   -0.14	   -0.12	   -0.11	   -0.11	   -0.11	   -0.09	   -0.08	   -0.09	   -0.08	   -0.08	   -0.08	   -0.06	   -0.06	   -0.06	   -0.06	   -0.06	   -0.06	   -0.06	   -0.06	   -0.06	   -0.06	   -0.06	   -0.05	   -0.05	   -0.04	   -0.04	   -0.04	   -0.05	   -0.07	   -0.07
                    cor_dir.dat 	  0.55 	  0.67 	  0.49 	  0.47 	  0.28 	  0.77 	  0.92 	 -0.33  
                 StepPoints.dat 	 0.11 	 0.48 	 0.53 	 0.52 	 0.55 	 0.58 	 0.50 	 0.52 	 0.58 	 0.50 	 0.55 	 0.52 	 0.52 	 0.47 	 0.56 	 0.55 	 0.53
                 PointsComp.dat 	 0.10
                dir_changes.dat	    0.00	    0.08	    0.02	    0.00	   -0.01	   -0.03	   -0.02	    0.00	    0.00	    0.00	    0.34	    0.00	    0.02	    0.02	    0.03	   -0.02	    0.00	    0.00	    0.02	    0.02	    0.03	    0.02	    0.02	    0.02	    0.02	    0.00	    0.00	    0.00	    0.01	    0.00	    0.00	    0.02	    0.00	    0.00	   -0.02	    0.02	    0.01	    0.00	    0.00	    0.02	    0.02	   -0.02	    0.02	    0.00	    0.00	    0.02	    0.00	    0.00	    0.00	    0.00	    0.00	    0.00	    0.00	    0.00	    0.00	    0.00	    0.01	    0.00	    0.01	    0.00	    0.00	   -0.01	   -0.02	    0.00
            cor_dir_changes.dat 	  0.53 	  0.54 	 -0.29 	  0.00 	 -0.21 	  0.00 	 -0.21 	 -0.21  
