D:\SOFTMAG\averaged\00004701.000\00004701.R0l 
20 30
64 677
-1813
-1761
-1678
-1584
-1499
-1442
-1433
-1441
-1415
-1338
-1197
-974
-655
-289
105
597
1255
2144
3333
4672
5946
7121
8163
9039
9715
10100
10151
9901
9384
8633
7682
-2918
-2841
-2721
-2573
-2408
-2241
-2083
-1951
-1781
-1556
-1258
-872
-379
153
706
1332
2086
3019
4187
5400
6538
7575
8483
9236
9807
10183
10269
10094
9683
9063
8262
-3907
-3819
-3678
-3490
-3261
-2998
-2708
-2443
-2135
-1768
-1322
-779
-120
563
1258
2002
2835
3797
4928
6029
7045
7958
8747
9392
9873
10228
10339
10227
9912
9414
8752
-4767
-4690
-4549
-4342
-4071
-3735
-3334
-2946
-2513
-2015
-1432
-744
69
895
1721
2572
3475
4456
5539
6544
7455
8259
8944
9497
9904
10230
10358
10303
10076
9691
9160
-5483
-5446
-5334
-5138
-4853
-4472
-3989
-3494
-2951
-2337
-1632
-813
139
1103
2055
3010
3978
4972
6004
6929
7752
8465
9064
9541
9892
10184
10325
10321
10178
9901
9498
-6041
-6081
-6032
-5883
-5620
-5230
-4701
-4118
-3483
-2773
-1965
-1035
39
1140
2221
3280
4315
5324
6306
7170
7923
8564
9095
9516
9828
10086
10237
10283
10222
10052
9774
-6429
-6587
-6646
-6585
-6387
-6031
-5498
-4850
-4146
-3363
-2474
-1456
-284
963
2179
3350
4458
5490
6429
7252
7955
8544
9026
9411
9705
9928
10093
10190
10212
10151
10000
-6697
-7031
-7245
-7312
-7204
-6891
-6345
-5665
-4912
-4069
-3115
-2034
-805
559
1877
3136
4323
5425
6428
7206
7870
8426
8882
9243
9517
9806
10034
10194
10279
10283
10199
-6889
-7408
-7787
-7990
-7980
-7718
-7169
-6473
-5686
-4798
-3796
-2666
-1396
84
1503
2851
4116
5287
6355
7091
7721
8250
8683
9026
9284
9639
9930
10153
10301
10370
10354
-6980
-7691
-8242
-8589
-8685
-8484
-7939
-7229
-6413
-5483
-4435
-3260
-1953
-378
1120
2535
3856
5075
6184
6892
7501
8015
8439
8777
9033
9439
9780
10052
10250
10370
10408
-6941
-7852
-8583
-9081
-9291
-9156
-8624
-7891
-7035
-6056
-4953
-3725
-2371
-745
789
2227
3560
4784
5891
6592
7202
7724
8160
8514
8789
9220
9583
9876
10096
10240
10305
-6747
-7864
-8782
-9437
-9766
-9706
-9191
-8415
-7499
-6449
-5270
-3967
-2546
-933
572
1967
3248
4411
5452
6177
6817
7376
7855
8256
8580
8994
9338
9611
9812
9938
9988
-6372
-7699
-8809
-9628
-10083
-10101
-9610
-8757
-7748
-6594
-5306
-3895
-2374
-861
529
1796
2938
3954
4843
5629
6339
6974
7534
8020
8433
8773
9043
9241
9367
9421
9401
-5879
-7415
-8725
-9716
-10297
-10379
-9870
-8842
-7636
-6293
-4857
-3369
-1873
-542
612
1626
2528
3353
4132
4941
5728
6479
7177
7806
8349
8712
8924
9003
8965
8825
8600
-5369
-7095
-8585
-9730
-10420
-10547
-10001
-8794
-7386
-5850
-4261
-2692
-1217
-95
799
1533
2170
2777
3419
4253
5122
5992
6830
7604
8281
8649
8788
8731
8512
8162
7716
-4865
-6763
-8415
-9695
-10476
-10629
-10028
-8654
-7056
-5340
-3610
-1972
-530
381
1013
1464
1833
2220
2724
3574
4514
5493
6463
7373
8174
8549
8616
8426
8027
7470
6804
-4391
-6443
-8240
-9637
-10490
-10652
-9978
-8465
-6706
-4838
-2996
-1317
63
786
1176
1366
1489
1678
2065
2909
3899
4966
6046
7070
7975
8376
8391
8087
7529
6784
5918
-3970
-6158
-8083
-9581
-10488
-10641
-9878
-8270
-6395
-4419
-2510
-834
439
1018
1212
1187
1109
1145
1460
2266
3271
4394
5549
6655
7629
8095
8096
7715
7036
6140
5113
-3627
-5934
-7969
-9550
-10495
-10623
-9753
-8111
-6181
-4159
-2243
-633
474
978
1045
874
664
616
930
1651
2627
3758
4944
6086
7084
7670
7713
7312
6567
5577
4444
-3372
-5623
-7613
-9174
-10140
-10344
-9619
-8075
-6260
-4351
-2523
-956
174
628
687
525
321
250
488
1205
2145
3220
4343
5426
6379
6881
6901
6527
5848
4952
3927
-3194
-5373
-7302
-8828
-9800
-10064
-9468
-8058
-6394
-4633
-2931
-1442
-324
127
224
120
-30
-77
134
821
1700
2695
3729
4726
5610
6057
6084
5768
5185
4412
3525
-3082
-5172
-7024
-8499
-9460
-9768
-9286
-8037
-6554
-4970
-3420
-2038
-960
-476
-304
-314
-377
-362
-141
495
1294
2189
3116
4009
4804
5216
5271
5033
4567
3938
3210
-3023
-5009
-6767
-8175
-9109
-9445
-9060
-7993
-6709
-5322
-3944
-2690
-1673
-1131
-860
-752
-702
-603
-349
225
930
1712
2518
3294
3988
4377
4471
4323
3985
3512
2956
-3006
-4870
-6519
-7843
-8733
-9081
-8776
-7903
-6830
-5652
-4459
-3343
-2399
-1788
-1405
-1168
-993
-798
-498
7
611
1273
1951
2603
3187
3557
3693
3637
3431
3116
2733
-3019
-4745
-6267
-7490
-8320
-8663
-8423
-7746
-6889
-5922
-4917
-3944
-3076
-2395
-1902
-1535
-1235
-943
-598
-162
340
880
1429
1956
2431
2774
2945
2976
2894
2731
2516
-3029
-4570
-5932
-7033
-7792
-8130
-7963
-7422
-6724
-5928
-5092
-4276
-3538
-2830
-2280
-1840
-1459
-1087
-673
-305
113
557
1001
1420
1789
2154
2370
2460
2450
2365
2230
-3022
-4360
-5544
-6505
-7177
-7491
-7380
-6946
-6378
-5724
-5029
-4340
-3703
-3014
-2457
-1991
-1576
-1171
-736
-412
-55
314
677
1011
1297
1643
1860
1968
1987
1937
1840
-3010
-4128
-5115
-5920
-6486
-6760
-6688
-6339
-5880
-5347
-4771
-4188
-3632
-2998
-2469
-2014
-1600
-1199
-778
-481
-168
144
442
709
930
1223
1407
1499
1514
1466
1373
-3004
-3884
-4659
-5289
-5733
-5949
-5899
-5622
-5260
-4835
-4366
-3877
-3388
-2833
-2356
-1934
-1547
-1172
-789
-508
-228
38
283
493
660
875
1003
1054
1039
970
855
-3015
-3641
-4187
-4625
-4930
-5072
-5026
-4818
-4548
-4225
-3859
-3459
-3033
-2569
-2155
-1779
-1429
-1094
-761
-490
-238
-11
184
343
459
581
637
633
574
466
316
-3057
-3411
-3711
-3941
-4089
-4141
-4083
-3946
-3772
-3556
-3296
-2988
-2630
-2256
-1905
-1575
-1262
-965
-683
-424
-201
-16
130
236
303
325
302
235
126
-25
-218
