                   00004701.B0l 1
                      g_glb.dat 	   7.79 	   3.57 	   2.64 	   1.43 	   5.93 	   3.14 	   1.36 	   1.43
                      g_dir.dat 	   0.00 	 -40.00 	  17.00
                     g_step.dat 	   3.84 	  51.00 	  46.00 	  15.00 	   2.59 	  35.00 	  19.00 	  20.00
                    max_min.dat	    1.29	    1.30	    1.30	    1.22	    1.08	    0.94	    0.86	    0.89	    0.94	    1.04	    1.13	    1.22	    1.28	    1.33	    1.37	    1.31	    1.32	    1.31	    1.36	    1.42	    1.45	    1.47	    1.48	    1.43	    1.36	    1.29	    1.18	    1.13	    1.14	    1.17	    1.17	    1.15	    1.15	    1.13	    1.13	    1.11	    1.10	    1.09	    1.07	    1.05	    1.04	    1.03	    1.02	    1.01	    1.00	    0.99	    0.99	    0.98	    0.98	    0.98	    0.97	    0.98	    0.99	    0.98	    0.99	    0.99	    0.99	    0.99	    0.98	    0.98	    0.98	    0.98	    1.00	    1.03
                    cor_max.dat 	  0.78 	  0.71 	  0.89 	  0.86 	  0.83 	  0.87 	  0.80 	  0.83  
                     correl.dat	    0.28	    0.25	    0.26	    0.35	    0.45	    0.53	    0.57	    0.58	    0.58	    0.57	    0.56	    0.56	    0.56	    0.58	    0.61	    0.65	    0.71	    0.75	    0.77	    0.79	    0.80	    0.82	    0.84	    0.85	    0.87	    0.88	    0.90	    0.90	    0.91	    0.91	    0.91	    0.91	    0.91	    0.91	    0.90	    0.90	    0.90	    0.90	    0.89	    0.89	    0.89	    0.88	    0.88	    0.88	    0.87	    0.87	    0.86	    0.86	    0.86	    0.86	    0.85	    0.85	    0.85	    0.85	    0.86	    0.86	    0.87	    0.87	    0.88	    0.88	    0.88	    0.88	    0.88	    0.88
               max_minValue.dat	    0.53	    0.73	    0.37	    1.31	    1.15	   -0.98	 1223.00	 -950.00	 1288.00	 -990.00	 1393.00	 -1075.00	 1447.00	 -1185.00	 1424.00	 -1317.00	 1345.00	 -1427.00	 1288.00	 -1500.00	 1322.00	 -1491.00	 1360.00	 -1454.00	 1467.00	 -1412.00	 1589.00	 -1408.00	 1644.00	 -1352.00	 1633.00	 -1276.00	 1598.00	 -1199.00	 1575.00	 -1151.00	 1589.00	 -1211.00	 1801.00	 -1364.00	 1985.00	 -1510.00	 2170.00	 -1594.00	 2361.00	 -1664.00	 2568.00	 -1769.00	 2792.00	 -1897.00	 2987.00	 -2014.00	 3167.00	 -2217.00	 3343.00	 -2453.00	 3485.00	 -2711.00	 3600.00	 -3043.00	 3675.00	 -3244.00	 3835.00	 -3363.00	 4008.00	 -3435.00	 4109.00	 -3520.00	 4110.00	 -3583.00	 4110.00	 -3583.00	 4075.00	 -3597.00	 4034.00	 -3583.00	 3973.00	 -3583.00	 3937.00	 -3571.00	 3843.00	 -3533.00	 3744.00	 -3497.00	 3622.00	 -3448.00	 3510.00	 -3385.00	 3395.00	 -3312.00	 3334.00	 -3263.00	 3208.00	 -3177.00	 3066.00	 -3066.00	 2924.00	 -2945.00	 2773.00	 -2809.00	 2623.00	 -2677.00	 2545.00	 -2602.00	 2397.00	 -2458.00	 2254.00	 -2313.00	 2121.00	 -2167.00	 1990.00	 -2020.00	 1870.00	 -1900.00	 1805.00	 -1825.00	 1692.00	 -1715.00	 1588.00	 -1606.00	 1488.00	 -1506.00	 1394.00	 -1421.00	 1303.00	 -1334.00	 1257.00	 -1285.00	 1175.00	 -1199.00	 1108.00	 -1112.00	 1053.00	 -1027.00
                    cor_cor.dat 	  0.74 	  0.60 	  0.73 	  0.82 	  0.97 	  0.99 	  0.98 	  0.93  
                  direction.dat	   -0.66	   -0.66	   -0.66	   -0.65	   -0.64	   -0.63	   -0.63	   -0.62	   -0.60	   -0.56	   -0.56	   -0.55	   -0.46	   -0.45	   -0.38	   -0.32	   -0.28	   -0.25	   -0.25	   -0.25	   -0.25	   -0.23	   -0.20	   -0.19	   -0.18	   -0.16	   -0.15	   -0.17	   -0.15	   -0.15	   -0.14	   -0.14	   -0.14	   -0.14	   -0.14	   -0.14	   -0.13	   -0.13	   -0.12	   -0.12	   -0.12	   -0.12	   -0.12	   -0.10	   -0.10	   -0.06	   -0.06	   -0.07	   -0.07	   -0.07	   -0.05	   -0.06	   -0.06	   -0.06	   -0.06	   -0.07	   -0.09	   -0.09	   -0.08	   -0.12	   -0.12	   -0.13	   -0.14	   -0.10
                    cor_dir.dat 	  0.55 	  0.66 	  0.49 	  0.50 	  0.13 	  0.72 	  0.85 	 -0.46  
                 StepPoints.dat 	 0.26 	 0.55 	 0.52 	 0.59 	 0.59 	 0.58 	 0.48 	 0.55 	 0.55 	 0.53 	 0.58 	 0.61 	 0.58 	 0.48 	 0.64 	 0.53 	 0.59
                 PointsComp.dat 	 0.20
                dir_changes.dat	    0.00	    0.00	   -0.00	    0.02	    0.01	    0.01	    0.00	    0.01	    0.02	    0.03	    0.00	    0.02	    0.09	    0.01	    0.07	    0.06	    0.04	    0.03	    0.00	    0.00	    0.00	    0.02	    0.03	    0.01	    0.01	    0.01	    0.01	   -0.02	    0.02	   -0.00	    0.01	    0.00	    0.00	    0.00	    0.00	    0.00	    0.00	    0.00	    0.01	    0.00	    0.01	    0.00	    0.00	    0.02	    0.00	    0.04	    0.00	   -0.01	    0.00	    0.00	    0.02	   -0.01	    0.00	    0.00	    0.00	   -0.01	   -0.01	    0.00	    0.01	   -0.04	    0.00	   -0.01	   -0.02	    0.04
            cor_dir_changes.dat 	  0.15 	  0.13 	  0.81 	  0.00 	 -0.16 	 -0.52 	 -0.44 	 -0.14  
