D:\SOFTMAG\cryoton\averaged\00000302.000\00000302.R0l 
20 30
64 636
2685
2574
2484
2484
2640
3023
3699
4591
5521
6404
7155
7689
7922
7863
7611
7208
6698
6128
5540
5026
4635
4343
4131
3974
3851
3702
3499
3264
3018
2784
2584
1213
1249
1316
1480
1806
2361
3209
4188
5201
6179
7053
7753
8210
8393
8392
8232
7939
7540
7060
6450
5920
5456
5046
4677
4336
4084
3808
3520
3234
2962
2717
-121
36
236
539
1010
1713
2710
3774
4870
5944
6941
7807
8487
8881
9100
9151
9044
8785
8383
7703
7061
6452
5872
5318
4785
4439
4097
3764
3444
3142
2860
-1257
-1023
-739
-342
226
1029
2128
3261
4424
5576
6679
7694
8581
9169
9592
9838
9898
9763
9422
8714
8001
7288
6580
5882
5198
4763
4363
3992
3646
3319
3008
-2132
-1892
-1591
-1171
-573
261
1392
2561
3757
4954
6130
7260
8320
9101
9724
10163
10390
10376
10094
9412
8684
7922
7140
6353
5575
5058
4605
4202
3835
3491
3155
-2685
-2530
-2304
-1952
-1416
-640
431
1586
2764
3956
5154
6349
7532
8518
9356
10000
10405
10525
10315
9729
9053
8311
7525
6719
5914
5320
4819
4390
4008
3652
3297
-2854
-2897
-2860
-2689
-2328
-1726
-827
246
1340
2460
3614
4807
6047
7264
8342
9219
9830
10112
10000
9592
9053
8414
7707
6963
6216
5549
5005
4554
4162
3797
3429
-2735
-3139
-3430
-3549
-3436
-3033
-2281
-1376
-421
588
1655
2783
3976
5379
6643
7717
8553
9100
9309
9073
8709
8241
7695
7095
6466
5883
5371
4905
4460
4011
3533
-2496
-3281
-3920
-4350
-4506
-4323
-3738
-3027
-2234
-1360
-404
634
1756
3346
4796
6070
7131
7945
8476
8427
8253
7972
7601
7160
6664
6172
5697
5222
4730
4201
3620
-2181
-3349
-4340
-5083
-5509
-5550
-5134
-4600
-3953
-3198
-2336
-1370
-302
1428
3018
4445
5687
6722
7529
7679
7709
7627
7446
7176
6828
6433
6004
5529
4997
4398
3721
-1835
-3372
-4697
-5738
-6419
-6666
-6405
-5989
-5432
-4738
-3913
-2962
-1891
-111
1525
3012
4341
5504
6494
6856
7100
7230
7250
7163
6974
6688
6315
5850
5290
4631
3870
-1504
-3374
-5001
-6304
-7206
-7626
-7485
-7090
-6522
-5791
-4905
-3871
-2698
-1010
533
1940
3215
4367
5400
5983
6452
6803
7033
7140
7118
6956
6652
6212
5637
4932
4099
-1233
-3383
-5258
-6773
-7843
-8383
-8310
-7796
-7079
-6172
-5084
-3828
-2415
-1005
258
1397
2432
3384
4273
5085
5787
6367
6817
7124
7280
7255
7038
6638
6064
5329
4442
-1066
-3482
-5616
-7343
-8541
-9088
-8861
-7907
-6717
-5366
-3933
-2494
-1127
-22
830
1505
2078
2624
3218
4004
4808
5594
6322
6956
7459
7610
7478
7102
6518
5765
4880
-1006
-3630
-5965
-7847
-9118
-9614
-9175
-7736
-6024
-4184
-2358
-690
678
1419
1801
1953
2004
2086
2326
3055
3932
4891
5868
6798
7616
7949
7911
7567
6980
6216
5341
-1027
-3810
-6295
-8283
-9575
-9971
-9271
-7344
-5110
-2779
-559
1340
2710
3079
2980
2599
2119
1726
1603
2235
3145
4239
5425
6612
7706
8229
8290
7983
7399
6631
5771
-1105
-4003
-6597
-8647
-9918
-10170
-9166
-6795
-4083
-1304
1265
3353
4681
4716
4175
3300
2328
1499
1052
1541
2436
3617
4965
6361
7685
8401
8566
8301
7725
6957
6118
-1216
-4193
-6859
-8936
-10150
-10223
-8880
-6154
-3052
85
2917
5103
6301
6089
5196
3915
2539
1363
679
968
1793
3006
4460
6010
7507
8419
8692
8473
7908
7144
6329
-1334
-4362
-7071
-9147
-10275
-10140
-8429
-5482
-2124
1237
4196
6346
7280
6959
5850
4300
2658
1271
489
514
1204
2385
3882
5520
7128
8238
8621
8449
7898
7140
6351
-1412
-4199
-6688
-8592
-9623
-9492
-7911
-5055
-1822
1419
4300
6451
7503
7078
5935
4386
2742
1315
417
459
1103
2194
3577
5094
6591
7619
8002
7897
7460
6845
6210
-1430
-3986
-6268
-8013
-8959
-8844
-7406
-4736
-1721
1305
4014
6073
7149
6724
5652
4208
2667
1305
398
436
1014
1996
3244
4620
5986
6929
7311
7270
6944
6471
5987
-1398
-3734
-5817
-7412
-8282
-8192
-6906
-4492
-1768
973
3438
5331
6360
6016
5096
3838
2481
1265
429
446
943
1800
2898
4117
5337
6192
6571
6593
6376
6041
5708
-1329
-3450
-5340
-6789
-7589
-7529
-6400
-4293
-1907
498
2670
4350
5282
5076
4363
3347
2230
1216
506
492
896
1617
2553
3602
4665
5432
5806
5889
5781
5584
5399
-1236
-3143
-4841
-6147
-6878
-6850
-5880
-4105
-2086
-41
1810
3250
4059
4022
3548
2806
1961
1179
628
575
878
1455
2222
3096
3993
4671
5040
5183
5183
5123
5086
-1131
-2822
-4327
-5487
-6147
-6149
-5337
-3898
-2248
-569
959
2155
2837
2975
2748
2286
1720
1178
793
697
897
1326
1921
2615
3344
3933
4297
4500
4608
4685
4797
-1046
-2554
-3897
-4930
-5511
-5498
-4746
-3542
-2152
-739
533
1500
2000
2297
2264
2008
1639
1264
993
797
870
1159
1609
2167
2777
3310
3679
3939
4142
4345
4600
-998
-2307
-3471
-4362
-4849
-4803
-4095
-3040
-1823
-590
512
1339
1743
2108
2177
2036
1773
1474
1226
942
903
1064
1384
1818
2323
2802
3179
3498
3800
4131
4532
-974
-2072
-3046
-3780
-4160
-4070
-3395
-2423
-1315
-198
798
1548
1921
2287
2391
2299
2075
1785
1494
1132
989
1032
1230
1550
1958
2386
2774
3153
3556
4016
4566
-963
-1840
-2614
-3184
-3448
-3305
-2653
-1724
-683
358
1292
2005
2388
2713
2811
2725
2499
2176
1799
1364
1122
1053
1134
1344
1662
2039
2438
2879
3385
3976
4675
-952
-1603
-2172
-2572
-2715
-2513
-1878
-973
18
1004
1892
2589
3001
3267
3341
3244
2998
2625
2145
1637
1297
1116
1081
1183
1410
1738
2149
2653
3262
3985
4834
-929
-1352
-1714
-1942
-1962
-1699
-1081
-203
735
1662
2501
3176
3614
3828
3885
3784
3526
3108
2533
1949
1508
1211
1057
1048
1182
1460
1883
2450
3161
4016
5016
