                   00000302.B0l 1
                      g_glb.dat 	   2.60 	   1.80 	   0.80 	   0.00 	   1.90 	   0.00 	   0.50 	   1.40
                      g_dir.dat 	   0.00 	 -23.00 	  23.00
                     g_step.dat 	   0.84 	  18.00 	   8.00 	   0.00 	   0.59 	   0.00 	   5.00 	  14.00
                    max_min.dat	    1.42	    1.70	    1.92	    1.91	    1.64	    1.29	    1.02	    0.94	    0.95	    1.01	    1.10	    1.14	    1.18	    1.22	    1.20	    1.29	    1.31	    1.29	    1.25	    1.21	    1.20	    1.20	    1.21	    1.21	    1.21	    1.21	    1.22	    1.23	    1.24	    1.25	    1.27	    1.31	    1.31	    1.33	    1.36	    1.38	    1.40	    1.43	    1.46	    1.49	    1.53	    1.57	    1.61	    1.62	    1.61	    1.59	    1.57	    1.54	    1.52	    1.50	    1.48	    1.44	    1.42	    1.40	    1.36	    1.31	    1.28	    1.23	    1.19	    1.15	    1.14	    1.18	    1.19	    1.19
                    cor_max.dat 	  0.83 	  0.77 	  0.90 	  0.88 	  0.96 	  0.98 	  0.97 	  0.92  
                     correl.dat	    0.62	    0.68	    0.69	    0.70	    0.70	    0.71	    0.69	    0.68	    0.68	    0.69	    0.71	    0.73	    0.75	    0.78	    0.81	    0.86	    0.88	    0.87	    0.86	    0.86	    0.86	    0.89	    0.91	    0.93	    0.93	    0.93	    0.93	    0.93	    0.93	    0.93	    0.93	    0.93	    0.93	    0.93	    0.93	    0.93	    0.93	    0.92	    0.92	    0.91	    0.91	    0.90	    0.89	    0.89	    0.88	    0.88	    0.87	    0.86	    0.84	    0.83	    0.82	    0.80	    0.79	    0.78	    0.76	    0.73	    0.71	    0.69	    0.66	    0.63	    0.62	    0.60	    0.58	    0.54
               max_minValue.dat	    0.73	    0.79	    0.69	    1.29	    1.31	    1.54	  881.00	 -620.00	  998.00	 -588.00	 1042.00	 -542.00	 1016.00	 -532.00	  934.00	 -569.00	  831.00	 -643.00	  761.00	 -743.00	  764.00	 -814.00	  825.00	 -870.00	  913.00	 -900.00	 1021.00	 -925.00	 1099.00	 -967.00	 1172.00	 -994.00	 1232.00	 -1012.00	 1262.00	 -1049.00	 1424.00	 -1105.00	 1575.00	 -1199.00	 1723.00	 -1332.00	 1900.00	 -1523.00	 2071.00	 -1707.00	 2279.00	 -1892.00	 2513.00	 -2091.00	 2817.00	 -2330.00	 3084.00	 -2558.00	 3360.00	 -2788.00	 3647.00	 -3018.00	 3972.00	 -3266.00	 4224.00	 -3440.00	 4427.00	 -3580.00	 4580.00	 -3667.00	 4688.00	 -3681.00	 4695.00	 -3576.00	 4695.00	 -3576.00	 4676.00	 -3503.00	 4648.00	 -3425.00	 4602.00	 -3326.00	 4576.00	 -3278.00	 4504.00	 -3156.00	 4416.00	 -3026.00	 4310.00	 -2885.00	 4188.00	 -2738.00	 4048.00	 -2582.00	 3891.00	 -2415.00	 3727.00	 -2305.00	 3632.00	 -2260.00	 3442.00	 -2170.00	 3244.00	 -2071.00	 3029.00	 -1964.00	 2814.00	 -1848.00	 2600.00	 -1730.00	 2378.00	 -1612.00	 2155.00	 -1493.00	 2045.00	 -1436.00	 1842.00	 -1316.00	 1637.00	 -1203.00	 1442.00	 -1097.00	 1266.00	 -991.00	 1097.00	 -893.00	  955.00	 -801.00	  827.00	 -718.00	  771.00	 -677.00	  718.00	 -610.00	  656.00	 -550.00	  592.00	 -499.00
                    cor_cor.dat 	  0.91 	  0.94 	  0.91 	  0.90 	  0.97 	  0.99 	  0.97 	  0.94  
                  direction.dat	   -0.36	   -0.32	   -0.30	   -0.32	   -0.32	   -0.32	   -0.30	   -0.32	   -0.29	   -0.31	   -0.31	   -0.29	   -0.29	   -0.29	   -0.27	   -0.27	   -0.27	   -0.25	   -0.25	   -0.25	   -0.25	   -0.25	   -0.25	   -0.25	   -0.25	   -0.25	   -0.25	   -0.25	   -0.25	   -0.25	   -0.25	   -0.25	   -0.25	   -0.25	   -0.25	   -0.25	   -0.25	   -0.25	   -0.25	   -0.25	   -0.25	   -0.25	   -0.25	   -0.25	   -0.25	   -0.23	   -0.23	   -0.23	   -0.22	   -0.23	   -0.23	   -0.23	   -0.23	   -0.25	   -0.25	   -0.27	   -0.27	   -0.30	   -0.30	   -0.30	   -0.30	   -0.06	   -0.05	   -0.05
                    cor_dir.dat 	  0.75 	  0.82 	  0.69 	  0.69 	  0.39 	  0.53 	  0.51 	  0.15  
                 StepPoints.dat 	 0.18 	 0.59 	 0.53 	 0.52 	 0.55 	 0.55 	 0.50 	 0.53 	 0.61 	 0.58 	 0.55 	 0.58 	 0.52 	 0.53 	 0.59 	 0.66 	 0.62
                 PointsComp.dat 	 0.16
                dir_changes.dat	    0.00	    0.04	    0.02	   -0.02	    0.00	    0.00	    0.02	   -0.02	    0.04	   -0.02	    0.00	    0.02	    0.00	    0.00	    0.02	   -0.00	    0.00	    0.02	    0.00	    0.00	    0.00	    0.00	    0.00	    0.00	    0.00	    0.00	    0.00	    0.00	    0.00	    0.00	    0.00	    0.00	    0.00	    0.00	    0.00	    0.00	    0.00	    0.00	    0.00	    0.00	    0.00	    0.00	    0.00	    0.00	    0.00	    0.02	    0.00	    0.00	    0.01	   -0.02	    0.00	    0.00	    0.00	   -0.02	    0.00	   -0.02	    0.00	   -0.03	    0.00	    0.00	    0.00	    0.24	    0.01	    0.00
            cor_dir_changes.dat 	  0.35 	  0.36 	 -0.72 	 -0.00 	  0.75 	  0.00 	 -0.33 	  0.75  
