D:\SOFTMAG\cryoton\averaged\00001203.000\00001203.R0l 
20 30
64 584
332
527
715
873
981
1019
966
839
692
557
467
453
550
757
1033
1338
1636
1889
2060
2149
2194
2215
2230
2257
2316
2455
2700
3033
3435
3886
4369
110
351
580
770
896
931
848
658
452
259
112
43
83
201
398
651
938
1237
1526
1793
2022
2227
2417
2605
2800
3040
3333
3667
4031
4415
4807
-114
166
430
647
785
811
693
449
191
-50
-245
-361
-369
-339
-219
-16
261
609
1018
1446
1846
2219
2571
2903
3221
3565
3909
4249
4580
4901
5206
-308
-1
286
517
653
658
493
191
-121
-415
-660
-827
-886
-939
-890
-731
-456
-55
479
1068
1634
2175
2685
3161
3600
4049
4444
4789
5088
5345
5564
-438
-124
166
392
508
471
239
-133
-515
-876
-1187
-1419
-1543
-1669
-1682
-1559
-1277
-813
-144
614
1359
2077
2756
3386
3955
4506
4950
5298
5562
5753
5883
-470
-175
92
285
354
250
-75
-546
-1023
-1477
-1879
-2201
-2416
-2603
-2665
-2564
-2263
-1723
-907
45
990
1908
2779
3586
4308
4954
5441
5785
6008
6127
6161
-369
-127
83
210
199
-6
-460
-1066
-1675
-2258
-2789
-3240
-3584
-3814
-3908
-3813
-3477
-2844
-1864
-682
497
1650
2749
3768
4679
5411
5930
6262
6433
6470
6400
-152
-11
105
138
27
-287
-866
-1664
-2456
-3211
-3900
-4491
-4954
-5212
-5318
-5208
-4819
-4087
-2947
-1498
-52
1360
2706
3954
5071
5861
6393
6700
6812
6763
6584
95
131
149
84
-129
-557
-1265
-2256
-3232
-4161
-5009
-5741
-6325
-6607
-6722
-6594
-6150
-5315
-4014
-2304
-599
1065
2651
4121
5439
6281
6821
7097
7146
7005
6711
304
237
158
-3
-319
-859
-1695
-2858
-3999
-5081
-6067
-6921
-7606
-7915
-8040
-7896
-7399
-6462
-5002
-3059
-1121
768
2566
4232
5723
6624
7180
7433
7425
7199
6798
407
244
74
-177
-588
-1233
-2190
-3485
-4749
-5943
-7027
-7961
-8706
-9048
-9191
-9037
-8493
-7462
-5849
-3719
-1597
470
2435
4249
5865
6846
7436
7686
7641
7351
6862
336
88
-159
-490
-983
-1722
-2787
-4151
-5476
-6720
-7840
-8792
-9534
-9921
-10092
-9941
-9362
-8248
-6494
-4245
-2004
174
2237
4133
5808
6900
7558
7836
7787
7463
6919
22
-293
-602
-993
-1552
-2366
-3524
-4873
-6175
-7385
-8457
-9343
-10000
-10448
-10664
-10532
-9934
-8754
-6875
-4593
-2321
-118
1956
3847
5494
6741
7511
7862
7853
7542
6988
-497
-944
-1373
-1855
-2462
-3268
-4345
-5565
-6730
-7804
-8749
-9529
-10108
-10450
-10590
-10422
-9840
-8737
-7007
-4838
-2666
-546
1468
3325
4972
6205
7015
7454
7575
7433
7079
-1104
-1665
-2194
-2748
-3386
-4164
-5142
-6194
-7182
-8080
-8860
-9494
-9956
-10204
-10281
-10091
-9537
-8525
-6957
-4945
-2919
-927
981
2760
4360
5592
6453
6993
7258
7296
7157
-1750
-2406
-3016
-3624
-4272
-5005
-5865
-6724
-7512
-8211
-8802
-9267
-9589
-9750
-9771
-9565
-9048
-8132
-6733
-4915
-3072
-1246
520
2183
3701
4927
5836
6471
6875
7091
7161
-2383
-3115
-3788
-4430
-5071
-5739
-6463
-7122
-7702
-8194
-8589
-8877
-9051
-9127
-9093
-8873
-8392
-7575
-6346
-4751
-3118
-1486
108
1628
3034
4233
5169
5879
6401
6772
7031
-2953
-3743
-4460
-5119
-5733
-6318
-6886
-7354
-7734
-8028
-8234
-8354
-8388
-8374
-8281
-8042
-7593
-6869
-5806
-4453
-3051
-1632
-228
1127
2403
3537
4461
5208
5810
6300
6709
-3411
-4240
-4982
-5639
-6208
-6690
-7086
-7386
-7590
-7709
-7751
-7726
-7645
-7531
-7367
-7098
-6671
-6031
-5124
-4024
-2863
-1668
-466
714
1849
2863
3721
4450
5077
5629
6135
-3707
-4489
-5187
-5797
-6316
-6744
-7075
-7249
-7334
-7336
-7263
-7123
-6924
-6759
-6555
-6263
-5839
-5234
-4404
-3474
-2498
-1498
-496
481
1414
2344
3135
3811
4395
4909
5378
-3843
-4581
-5236
-5802
-6275
-6649
-6920
-7006
-7007
-6931
-6781
-6564
-6284
-6065
-5816
-5498
-5072
-4500
-3742
-2953
-2131
-1295
-465
339
1101
1918
2613
3207
3718
4166
4570
-3844
-4541
-5155
-5680
-6109
-6433
-6645
-6672
-6621
-6495
-6298
-6032
-5702
-5429
-5135
-4789
-4360
-3819
-3135
-2460
-1767
-1069
-384
273
888
1572
2151
2642
3061
3421
3739
-3735
-4393
-4970
-5456
-5842
-6118
-6275
-6265
-6183
-6030
-5807
-5515
-5156
-4830
-4493
-4121
-3693
-3186
-2576
-1994
-1408
-828
-266
265
756
1294
1745
2122
2435
2696
2916
-3542
-4163
-4705
-5155
-5501
-5732
-5835
-5802
-5702
-5536
-5301
-4998
-4624
-4250
-3875
-3483
-3059
-2590
-2061
-1554
-1058
-578
-123
299
683
1071
1391
1649
1853
2011
2130
-3290
-3876
-4385
-4801
-5110
-5298
-5350
-5299
-5189
-5015
-4775
-4465
-4083
-3669
-3263
-2859
-2448
-2026
-1584
-1140
-721
-329
31
359
649
892
1084
1229
1329
1388
1411
-3044
-3613
-4105
-4500
-4776
-4911
-4886
-4784
-4623
-4406
-4138
-3825
-3472
-3039
-2633
-2247
-1873
-1504
-1131
-802
-484
-181
102
363
597
729
820
872
890
877
837
-2840
-3394
-3872
-4247
-4492
-4578
-4477
-4298
-4060
-3774
-3454
-3112
-2762
-2329
-1943
-1596
-1278
-981
-698
-486
-273
-64
137
327
500
560
587
585
559
513
450
-2652
-3192
-3659
-4017
-4233
-4271
-4098
-3825
-3491
-3119
-2728
-2340
-1976
-1560
-1210
-917
-672
-465
-287
-193
-86
28
148
267
380
397
391
365
325
275
219
-2455
-2984
-3441
-3785
-3974
-3967
-3723
-3346
-2908
-2439
-1968
-1524
-1135
-750
-450
-226
-67
36
94
74
80
106
147
199
256
253
234
206
174
142
115
-2223
-2744
-3194
-3525
-3690
-3641
-3329
-2845
-2301
-1734
-1180
-678
-263
80
319
463
525
515
443
318
230
175
147
141
150
139
122
105
93
92
107
-1932
-2447
-2892
-3214
-3357
-3267
-2890
-2305
-1661
-1001
-371
182
618
912
1082
1139
1096
963
754
536
368
245
160
108
83
68
58
56
70
104
166
