                   00001203.B0l 1
                      g_glb.dat 	   6.00 	   2.57 	   1.57 	   1.86 	   2.43 	   1.86 	   0.57 	   0.00
                      g_dir.dat 	   0.00 	 -31.00 	  31.00
                     g_step.dat 	   1.06 	  18.00 	   5.00 	  10.00 	   0.57 	   8.00 	   4.00 	   0.00
                    max_min.dat	    0.37	    0.64	    0.65	    0.62	    0.62	    0.64	    0.67	    0.67	    0.62	    0.55	    0.49	    0.45	    0.44	    0.47	    0.54	    0.67	    0.77	    0.85	    0.86	    0.83	    0.73	    0.64	    0.53	    0.45	    0.42	    0.43	    0.47	    0.53	    0.60	    0.66	    0.71	    0.74	    0.74	    0.74	    0.74	    0.74	    0.74	    0.73	    0.72	    0.71	    0.69	    0.68	    0.65	    0.63	    0.61	    0.60	    0.58	    0.55	    0.54	    0.52	    0.51	    0.50	    0.48	    0.47	    0.46	    0.46	    0.46	    0.47	    0.48	    0.52	    0.56	    0.61	    0.64	    0.70
                    cor_max.dat 	  0.56 	  0.45 	  0.68 	  0.71 	  0.64 	  0.71 	  0.60 	  0.61  
                     correl.dat	    0.53	    0.62	    0.66	    0.67	    0.69	    0.69	    0.70	    0.72	    0.74	    0.75	    0.75	    0.75	    0.75	    0.76	    0.75	    0.74	    0.73	    0.71	    0.70	    0.72	    0.75	    0.77	    0.78	    0.77	    0.76	    0.76	    0.76	    0.77	    0.78	    0.78	    0.78	    0.79	    0.79	    0.79	    0.79	    0.79	    0.80	    0.80	    0.80	    0.80	    0.81	    0.81	    0.81	    0.81	    0.81	    0.81	    0.81	    0.81	    0.81	    0.80	    0.80	    0.80	    0.79	    0.79	    0.79	    0.78	    0.78	    0.77	    0.76	    0.76	    0.74	    0.73	    0.73	    0.71
               max_minValue.dat	   -0.62	   -0.60	   -0.63	   -0.67	   -0.74	   -0.55	  197.00	 -532.00	  375.00	 -586.00	  442.00	 -680.00	  448.00	 -723.00	  452.00	 -730.00	  462.00	 -719.00	  474.00	 -708.00	  477.00	 -708.00	  479.00	 -774.00	  472.00	 -852.00	  463.00	 -950.00	  463.00	 -1030.00	  494.00	 -1122.00	  554.00	 -1186.00	  676.00	 -1243.00	  869.00	 -1299.00	 1029.00	 -1337.00	 1177.00	 -1389.00	 1241.00	 -1439.00	 1248.00	 -1506.00	 1185.00	 -1620.00	 1105.00	 -1737.00	 1018.00	 -1932.00	  993.00	 -2214.00	 1039.00	 -2485.00	 1202.00	 -2782.00	 1416.00	 -3002.00	 1685.00	 -3195.00	 2036.00	 -3388.00	 2311.00	 -3509.00	 2568.00	 -3612.00	 2692.00	 -3653.00	 2692.00	 -3653.00	 2710.00	 -3657.00	 2714.00	 -3657.00	 2705.00	 -3649.00	 2678.00	 -3633.00	 2635.00	 -3607.00	 2605.00	 -3606.00	 2537.00	 -3594.00	 2451.00	 -3570.00	 2403.00	 -3556.00	 2298.00	 -3512.00	 2186.00	 -3452.00	 2065.00	 -3383.00	 2001.00	 -3343.00	 1874.00	 -3252.00	 1748.00	 -3150.00	 1684.00	 -3095.00	 1559.00	 -2976.00	 1443.00	 -2848.00	 1385.00	 -2782.00	 1278.00	 -2645.00	 1181.00	 -2503.00	 1095.00	 -2358.00	 1058.00	 -2285.00	  989.00	 -2140.00	  934.00	 -1993.00	  927.00	 -1922.00	  919.00	 -1781.00	  917.00	 -1645.00	  919.00	 -1512.00	  921.00	 -1446.00	  926.00	 -1325.00
                    cor_cor.dat 	  0.92 	  0.91 	  0.90 	  0.93 	  0.94 	  0.93 	  0.94 	  0.96  
                  direction.dat	   -0.17	   -0.12	   -0.12	   -0.10	   -0.12	   -0.15	   -0.16	   -0.20	   -0.23	   -0.25	   -0.25	   -0.25	   -0.25	   -0.25	   -0.25	   -0.32	   -0.34	   -0.34	   -0.36	   -0.36	   -0.36	   -0.36	   -0.25	   -0.25	   -0.25	   -0.21	   -0.34	   -0.39	   -0.40	   -0.40	   -0.40	   -0.39	   -0.39	   -0.39	   -0.39	   -0.39	   -0.39	   -0.39	   -0.39	   -0.39	   -0.39	   -0.39	   -0.39	   -0.36	   -0.36	   -0.35	   -0.34	   -0.32	   -0.30	   -0.30	   -0.25	   -0.25	   -0.23	   -0.23	   -0.23	   -0.23	   -0.23	   -0.23	   -0.23	   -0.23	   -0.23	   -0.23	   -0.23	   -0.23
                    cor_dir.dat 	  0.75 	  0.66 	  0.90 	  0.83 	  0.27 	  0.42 	  0.44 	 -0.48  
                 StepPoints.dat 	 0.13 	 0.44 	 0.42 	 0.44 	 0.50 	 0.44 	 0.58 	 0.39 	 0.44 	 0.47 	 0.48 	 0.53 	 0.47 	 0.52 	 0.45 	 0.47 	 0.62
                 PointsComp.dat 	 0.11
                dir_changes.dat	    0.00	    0.05	    0.00	    0.02	   -0.02	   -0.02	   -0.01	   -0.04	   -0.02	   -0.02	    0.00	    0.00	    0.00	    0.00	    0.00	   -0.07	   -0.02	    0.00	   -0.02	    0.00	   -0.01	    0.00	    0.11	    0.00	    0.00	    0.04	   -0.13	   -0.04	   -0.01	    0.00	    0.00	    0.01	    0.00	    0.00	    0.00	    0.00	    0.00	    0.00	    0.00	    0.00	    0.00	    0.00	    0.00	    0.03	    0.00	    0.01	    0.01	    0.02	    0.02	    0.00	    0.05	    0.00	    0.02	    0.00	   -0.00	    0.00	    0.00	    0.00	    0.00	    0.00	    0.00	    0.00	   -0.00	    0.00
            cor_dir_changes.dat 	  0.40 	  0.41 	  0.24 	 -0.00 	  0.05 	  0.00 	  0.36 	 -0.03  
