D:\SOFTMAG\cryoton\averaged\00001202.000\00001202.r0l 
20 30
64 724
2515
2811
3084
3294
3399
3361
3138
2751
2300
1867
1530
1370
1468
1841
2366
2908
3334
3509
3299
2778
2156
1500
877
354
0
-8
419
1216
2315
3648
5150
2630
2951
3249
3484
3616
3606
3414
3119
2762
2423
2177
2102
2277
2613
3094
3596
3995
4167
3988
3592
3094
2554
2034
1598
1306
1215
1516
2147
3046
4152
5402
2717
3056
3371
3624
3776
3787
3618
3399
3121
2860
2690
2686
2922
3227
3669
4135
4512
4686
4544
4276
3903
3481
3068
2720
2493
2338
2532
3017
3736
4634
5653
2755
3107
3436
3704
3872
3901
3752
3587
3366
3160
3043
3087
3362
3649
4065
4508
4875
5064
4972
4823
4566
4254
3937
3668
3496
3306
3420
3786
4354
5071
5886
2721
3088
3432
3715
3900
3947
3819
3678
3483
3304
3210
3271
3556
3844
4255
4697
5076
5301
5279
5227
5066
4842
4601
4389
4253
4062
4132
4415
4866
5438
6085
2594
2980
3344
3648
3854
3924
3821
3667
3461
3271
3163
3204
3461
3781
4216
4684
5103
5393
5470
5483
5385
5216
5018
4832
4698
4551
4619
4863
5241
5711
6234
2354
2767
3159
3492
3728
3830
3762
3549
3288
3042
2876
2853
3038
3425
3920
4451
4948
5339
5553
5586
5506
5349
5149
4944
4768
4715
4835
5090
5446
5867
6317
2032
2545
3031
3439
3719
3821
3693
3355
2958
2585
2317
2238
2430
2881
3477
4134
4764
5282
5602
5637
5531
5325
5065
4791
4548
4476
4607
4897
5303
5783
6293
1690
2305
2887
3374
3700
3803
3619
3148
2607
2098
1720
1577
1768
2286
2988
3773
4540
5189
5619
5642
5494
5227
4890
4535
4210
4126
4274
4606
5070
5616
6194
1340
2046
2714
3267
3629
3722
3471
2859
2166
1512
1017
801
984
1566
2370
3281
4183
4960
5497
5521
5347
5031
4633
4209
3817
3732
3910
4295
4829
5453
6110
999
1770
2497
3091
3463
3521
3177
2416
1564
758
139
-156
10
646
1544
2571
3598
4494
5128
5196
5037
4716
4298
3848
3432
3361
3586
4040
4659
5378
6129
681
1477
2224
2820
3161
3144
2667
1750
732
-230
-982
-1364
-1220
-545
428
1556
2691
3689
4404
4588
4515
4259
3892
3487
3117
3082
3374
3918
4643
5476
6343
402
1168
1881
2424
2681
2535
1871
792
-397
-1525
-2415
-2890
-2776
-2085
-1057
147
1368
2446
3219
3616
3729
3638
3421
3161
2937
2962
3345
4004
4860
5832
6841
175
793
1365
1776
1907
1644
869
-345
-1656
-2896
-3898
-4493
-4515
-3871
-2886
-1698
-446
734
1704
2328
2690
2861
2909
2903
2911
3200
3778
4577
5529
6563
7612
4
460
878
1142
1136
741
-156
-1492
-2907
-4243
-5341
-6040
-6183
-5605
-4684
-3535
-2272
-1009
137
1013
1653
2113
2453
2728
2995
3543
4313
5247
6289
7381
8466
-117
177
442
561
417
-106
-1127
-2563
-4062
-5473
-6646
-7430
-7673
-7183
-6347
-5257
-4004
-2681
-1378
-246
674
1429
2063
2623
3155
3932
4864
5905
7008
8129
9220
-195
-46
80
69
-197
-835
-1964
-3475
-5032
-6494
-7716
-8558
-8877
-8496
-7766
-6757
-5537
-4174
-2738
-1368
-186
842
1752
2577
3353
4306
5347
6440
7551
8647
9692
-234
-203
-184
-296
-656
-1380
-2587
-4143
-5729
-7211
-8454
-9324
-9688
-9438
-8837
-7931
-6765
-5384
-3835
-2272
-872
387
1529
2577
3554
4605
5676
6744
7785
8777
9697
-241
-283
-329
-499
-908
-1675
-2917
-4483
-6064
-7531
-8760
-9625
-10000
-9903
-9452
-8671
-7581
-6206
-4567
-2876
-1325
99
1407
2611
3722
4769
5767
6706
7575
8361
9054
-234
-282
-341
-524
-945
-1716
-2951
-4459
-5984
-7407
-8607
-9466
-9864
-9813
-9431
-8733
-7734
-6451
-4900
-3128
-1496
3
1380
2640
3793
4696
5522
6263
6912
7461
7902
-230
-248
-282
-442
-837
-1577
-2769
-4205
-5664
-7030
-8190
-9032
-9440
-9430
-9109
-8488
-7575
-6379
-4909
-3131
-1493
8
1378
2621
3741
4489
5132
5666
6086
6387
6566
-226
-183
-163
-271
-612
-1289
-2409
-3765
-5147
-6447
-7558
-8372
-8782
-8805
-8541
-7991
-7157
-6042
-4647
-2925
-1344
95
1396
2558
3583
4179
4641
4969
5162
5218
5137
-218
-93
3
-30
-293
-887
-1911
-3180
-4478
-5705
-6759
-7538
-7943
-7993
-7779
-7293
-6532
-5491
-4165
-2551
-1079
248
1428
2459
3338
3795
4091
4228
4208
4033
3707
-204
18
206
263
92
-401
-1316
-2491
-3701
-4850
-5842
-6582
-6976
-7048
-6876
-6449
-5754
-4781
-3517
-2050
-725
449
1469
2329
3022
3368
3524
3496
3290
2911
2366
-181
147
435
590
520
133
-663
-1743
-2861
-3929
-4856
-5554
-5935
-6021
-5886
-5510
-4875
-3963
-2756
-1462
-313
681
1514
2175
2655
2928
2983
2830
2476
1932
1207
-141
285
667
913
934
640
-57
-1059
-2109
-3115
-3987
-4633
-4962
-5018
-4854
-4471
-3870
-3053
-2020
-943
-12
776
1420
1923
2283
2333
2242
2012
1640
1127
472
-81
423
878
1195
1287
1066
447
-483
-1470
-2422
-3245
-3845
-4129
-4147
-3947
-3549
-2975
-2245
-1380
-501
232
832
1308
1671
1931
1845
1697
1478
1176
782
285
-5
566
1081
1455
1605
1445
891
28
-901
-1803
-2580
-3139
-3382
-3355
-3112
-2693
-2138
-1488
-784
-95
448
867
1182
1413
1581
1434
1305
1172
1016
817
554
86
716
1286
1712
1914
1808
1313
515
-357
-1210
-1945
-2463
-2669
-2590
-2296
-1848
-1306
-729
-179
314
664
899
1049
1144
1214
1071
1023
1041
1094
1152
1186
189
880
1505
1984
2239
2188
1754
1022
204
-598
-1289
-1768
-1934
-1796
-1446
-962
-426
83
486
771
910
944
913
856
814
725
809
1028
1342
1709
2092
301
1060
1749
2290
2605
2619
2253
1589
831
79
-565
-1001
-1126
-922
-508
16
554
1004
1267
1313
1215
1021
780
544
362
365
622
1081
1693
2409
3179
