                   00001202.B0l 1
                      g_glb.dat 	   6.44 	   1.56 	   1.11 	   2.89 	   3.33 	   2.78 	   0.22 	   0.22
                      g_dir.dat 	   0.00 	 -11.00 	  11.00
                     g_step.dat 	   1.40 	  14.00 	  10.00 	  25.00 	   1.07 	  20.00 	   2.00 	   2.00
                    max_min.dat	    0.93	    1.00	    0.95	    0.86	    0.75	    0.66	    0.55	    0.45	    0.43	    0.45	    0.49	    0.60	    0.80	    0.97	    1.09	    1.10	    1.16	    1.09	    1.01	    0.96	    0.91	    0.90	    0.92	    0.95	    0.99	    1.04	    1.07	    1.08	    1.07	    1.03	    0.98	    0.91	    0.91	    0.89	    0.86	    0.84	    0.82	    0.80	    0.79	    0.78	    0.77	    0.77	    0.77	    0.77	    0.78	    0.79	    0.83	    0.86	    0.89	    0.92	    0.98	    1.02	    1.06	    1.14	    1.23	    1.29	    1.33	    1.32	    1.31	    1.24	    1.18	    1.10	    0.99	    0.91
                    cor_max.dat 	  0.64 	  0.62 	  0.75 	  0.61 	  0.81 	  0.76 	  0.75 	  0.92  
                     correl.dat	    0.20	    0.51	    0.55	    0.55	    0.55	    0.55	    0.55	    0.56	    0.56	    0.57	    0.59	    0.63	    0.66	    0.67	    0.67	    0.68	    0.70	    0.74	    0.77	    0.78	    0.78	    0.78	    0.80	    0.82	    0.83	    0.83	    0.84	    0.84	    0.84	    0.85	    0.87	    0.88	    0.88	    0.89	    0.89	    0.89	    0.89	    0.89	    0.89	    0.88	    0.88	    0.88	    0.88	    0.88	    0.87	    0.87	    0.86	    0.85	    0.85	    0.83	    0.81	    0.80	    0.79	    0.77	    0.75	    0.74	    0.72	    0.71	    0.70	    0.68	    0.66	    0.64	    0.61	    0.58
               max_minValue.dat	   -0.45	    0.01	   -0.71	    1.10	   -0.91	   -0.86	  483.00	 -517.00	  554.00	 -555.00	  563.00	 -590.00	  537.00	 -624.00	  492.00	 -653.00	  448.00	 -680.00	  394.00	 -716.00	  344.00	 -758.00	  339.00	 -789.00	  368.00	 -814.00	  400.00	 -818.00	  485.00	 -804.00	  622.00	 -777.00	  729.00	 -755.00	  814.00	 -748.00	  834.00	 -760.00	  918.00	 -792.00	 1015.00	 -930.00	 1111.00	 -1099.00	 1198.00	 -1254.00	 1324.00	 -1453.00	 1494.00	 -1656.00	 1672.00	 -1822.00	 1921.00	 -2013.00	 2152.00	 -2165.00	 2433.00	 -2341.00	 2692.00	 -2512.00	 2873.00	 -2654.00	 3022.00	 -2829.00	 3078.00	 -2998.00	 3054.00	 -3126.00	 2953.00	 -3243.00	 2953.00	 -3243.00	 2907.00	 -3267.00	 2827.00	 -3288.00	 2767.00	 -3290.00	 2703.00	 -3280.00	 2605.00	 -3242.00	 2534.00	 -3198.00	 2463.00	 -3143.00	 2350.00	 -3036.00	 2272.00	 -2948.00	 2191.00	 -2847.00	 2064.00	 -2675.00	 1976.00	 -2548.00	 1900.00	 -2412.00	 1816.00	 -2197.00	 1751.00	 -2047.00	 1683.00	 -1896.00	 1606.00	 -1743.00	 1484.00	 -1518.00	 1398.00	 -1372.00	 1307.00	 -1231.00	 1179.00	 -1031.00	 1121.00	 -908.00	 1058.00	 -819.00	  961.00	 -724.00	  893.00	 -674.00	  823.00	 -630.00	  722.00	 -580.00	  654.00	 -555.00	  590.00	 -535.00	  505.00	 -510.00	  450.00	 -497.00
                    cor_cor.dat 	  0.80 	  0.78 	  0.81 	  0.81 	  0.97 	  0.98 	  0.97 	  0.95  
                  direction.dat	   -0.37	   -0.32	   -0.32	   -0.30	   -0.30	   -0.30	   -0.30	   -0.25	   -0.23	   -0.25	   -0.25	   -0.32	   -0.32	   -0.32	   -0.32	   -0.25	   -0.14	   -0.14	   -0.14	   -0.13	   -0.13	   -0.13	   -0.13	   -0.12	   -0.12	   -0.12	   -0.12	   -0.12	   -0.12	   -0.10	   -0.10	   -0.09	   -0.09	   -0.09	   -0.09	   -0.09	   -0.09	   -0.09	   -0.09	   -0.10	   -0.10	   -0.10	   -0.14	   -0.16	   -0.18	   -0.18	   -0.22	   -0.22	   -0.22	   -0.22	   -0.22	   -0.21	   -0.22	   -0.22	   -0.22	   -0.23	   -0.23	   -0.23	   -0.23	   -0.23	   -0.23	   -0.23	   -0.23	   -0.23
                    cor_dir.dat 	  0.77 	  0.83 	  0.71 	  0.75 	 -0.13 	  0.85 	  0.55 	 -0.48  
                 StepPoints.dat 	 0.20 	 0.53 	 0.62 	 0.52 	 0.61 	 0.50 	 0.45 	 0.52 	 0.78 	 0.55 	 0.53 	 0.48 	 0.58 	 0.45 	 0.45 	 0.52 	 0.52
                 PointsComp.dat 	 0.14
                dir_changes.dat	    0.00	    0.05	    0.00	    0.02	    0.00	    0.00	    0.00	    0.05	    0.02	   -0.02	    0.00	   -0.07	    0.00	    0.00	    0.00	    0.07	    0.11	    0.00	    0.00	    0.01	    0.00	    0.00	    0.00	    0.01	    0.00	    0.00	    0.00	    0.00	    0.00	    0.02	    0.00	    0.01	    0.00	    0.00	    0.00	    0.00	    0.00	    0.00	    0.00	   -0.01	    0.00	    0.00	   -0.04	   -0.02	   -0.02	    0.00	   -0.04	    0.00	    0.00	    0.00	    0.00	    0.00	   -0.00	    0.00	    0.00	   -0.02	    0.00	    0.00	   -0.00	    0.00	    0.00	    0.00	    0.00	    0.00
            cor_dir_changes.dat 	  0.40 	  0.41 	  0.72 	 -0.00 	 -0.04 	  0.00 	 -0.23 	 -0.01  
