D:\SOFTMAG\averaged\00005301.000\00005301.r0l 
20 30
64 748
4848
2557
521
-1051
-1952
-1974
-909
948
3038
5175
7171
8842
10000
10560
10621
10267
9584
8658
7575
6556
5739
5082
4540
4073
3636
3115
2454
1695
881
55
-740
3526
1790
263
-879
-1463
-1310
-246
1365
3162
4992
6702
8139
9149
9769
9958
9783
9308
8599
7720
6754
5937
5236
4619
4053
3506
2942
2266
1510
708
-107
-904
2371
1149
90
-664
-969
-682
338
1730
3260
4810
6258
7487
8377
9032
9327
9307
9017
8501
7804
6891
6074
5331
4639
3975
3318
2716
2030
1284
500
-299
-1093
1327
590
-31
-426
-484
-93
856
2047
3330
4618
5826
6867
7655
8320
8695
8805
8675
8327
7787
6941
6138
5365
4611
3864
3111
2470
1774
1037
270
-514
-1304
340
67
-135
-190
-19
455
1313
2318
3368
4409
5389
6256
6956
7604
8032
8245
8247
8040
7629
6876
6114
5339
4550
3745
2923
2236
1525
789
33
-742
-1536
-644
-461
-255
20
411
963
1721
2547
3371
4173
4933
5633
6254
6855
7307
7594
7698
7602
7291
6672
5989
5251
4467
3645
2793
2048
1307
562
-196
-976
-1786
-1683
-1042
-423
185
797
1427
2087
2736
3336
3900
4443
4978
5521
6044
6488
6816
6992
6976
6734
6300
5750
5103
4376
3589
2760
1938
1149
374
-405
-1208
-2053
-2793
-1826
-901
-14
838
1661
2458
2942
3365
3740
4084
4409
4732
5206
5614
5929
6124
6169
6037
5734
5321
4814
4225
3569
2859
2036
1216
384
-471
-1367
-2316
-3850
-2565
-1343
-189
893
1899
2824
3144
3391
3580
3726
3844
3949
4367
4734
5031
5238
5338
5311
5152
4890
4535
4096
3584
3007
2174
1314
419
-522
-1518
-2579
-4685
-3135
-1667
-296
964
2102
3104
3292
3395
3429
3409
3351
3271
3612
3916
4173
4373
4507
4564
4535
4410
4196
3895
3514
3056
2226
1339
391
-622
-1708
-2869
-5134
-3410
-1789
-293
1054
2232
3218
3336
3357
3297
3173
3001
2797
3025
3230
3410
3566
3696
3801
3865
3841
3728
3528
3240
2864
2068
1185
215
-840
-1983
-3213
-5030
-3266
-1624
-138
1163
2248
3085
3225
3255
3194
3058
2863
2627
2690
2743
2795
2854
2929
3029
3123
3136
3063
2900
2642
2286
1574
745
-194
-1241
-2390
-3639
-4208
-2577
-1090
213
1294
2111
2626
2908
3071
3130
3103
3007
2861
2690
2524
2380
2275
2227
2255
2291
2253
2131
1917
1602
1178
619
-83
-924
-1891
-2978
-4175
-2827
-1799
-862
-22
716
1351
1875
2364
2780
3108
3337
3450
3434
3195
2893
2551
2190
1831
1496
1264
1014
735
417
48
-381
-884
-1491
-2193
-2977
-3833
-4750
-1231
-859
-527
-204
140
537
1018
1752
2462
3100
3623
3985
4141
3821
3373
2822
2193
1513
806
269
-229
-701
-1160
-1618
-2089
-2506
-2986
-3518
-4088
-4682
-5290
471
175
-107
-313
-374
-225
199
1175
2174
3118
3932
4538
4861
4480
3904
3162
2284
1300
239
-617
-1378
-2058
-2672
-3235
-3761
-4094
-4450
-4815
-5173
-5509
-5809
2174
1242
373
-330
-767
-835
-434
735
1975
3177
4233
5036
5477
5082
4424
3539
2459
1218
-148
-1318
-2334
-3215
-3976
-4636
-5211
-5497
-5765
-5999
-6181
-6295
-6324
3770
2273
892
-236
-976
-1189
-740
531
1920
3288
4495
5403
5871
5537
4875
3922
2716
1295
-303
-1755
-2998
-4050
-4931
-5658
-6252
-6561
-6811
-6984
-7061
-7023
-6851
5151
3204
1426
-13
-941
-1184
-572
665
2068
3467
4689
5565
5925
5757
5195
4280
3053
1556
-168
-1852
-3270
-4444
-5392
-6137
-6700
-7135
-7471
-7687
-7762
-7676
-7407
6172
4288
2551
1105
97
-327
-23
1036
2235
3435
4496
5279
5646
5463
4946
4126
3032
1695
146
-1443
-2826
-4016
-5030
-5883
-6589
-7073
-7471
-7769
-7951
-8002
-7907
6799
5067
3460
2097
1098
582
667
1490
2427
3371
4212
4844
5159
4999
4564
3876
2952
1812
475
-966
-2259
-3414
-4440
-5346
-6143
-6705
-7196
-7606
-7925
-8143
-8252
7084
5572
4165
2954
2032
1493
1427
1978
2616
3267
3853
4298
4525
4408
4079
3545
2813
1893
791
-459
-1621
-2697
-3692
-4610
-5454
-6108
-6704
-7239
-7708
-8107
-8433
7082
5837
4676
3665
2868
2353
2185
2448
2773
3117
3433
3676
3801
3737
3520
3148
2617
1924
1065
37
-960
-1926
-2859
-3756
-4615
-5357
-6056
-6711
-7327
-7903
-8442
6846
5895
5007
4221
3576
3111
2866
2850
2870
2914
2968
3017
3047
3029
2919
2702
2366
1893
1271
486
-327
-1162
-2010
-2865
-3720
-4530
-5309
-6065
-6806
-7539
-8271
6430
5778
5169
4614
4125
3716
3400
3133
2878
2652
2472
2357
2323
2328
2304
2223
2059
1787
1380
848
229
-463
-1218
-2021
-2861
-3700
-4524
-5343
-6173
-7024
-7912
5977
5374
4821
4341
3960
3702
3591
3229
2891
2579
2291
2026
1784
1900
1962
1953
1854
1648
1318
793
227
-372
-997
-1638
-2285
-3169
-4025
-4862
-5687
-6511
-7342
5559
4926
4350
3867
3515
3329
3345
3003
2701
2420
2140
1843
1510
1658
1729
1712
1600
1381
1049
498
-49
-589
-1117
-1628
-2118
-2942
-3725
-4474
-5191
-5882
-6552
5123
4401
3745
3201
2819
2647
2733
2507
2336
2180
2005
1771
1442
1558
1572
1484
1294
999
600
0
-551
-1054
-1507
-1912
-2266
-2941
-3565
-4137
-4658
-5129
-5549
4614
3767
2994
2353
1904
1709
1828
1792
1824
1868
1870
1772
1522
1555
1463
1254
935
514
0
-661
-1228
-1705
-2096
-2405
-2636
-3091
-3484
-3809
-4062
-4241
-4342
3979
2991
2085
1330
800
567
702
907
1194
1489
1719
1810
1689
1604
1371
1005
523
-58
-726
-1448
-2031
-2483
-2813
-3027
-3134
-3317
-3423
-3447
-3379
-3212
-2938
3164
2041
1006
144
-462
-729
-572
-96
475
1051
1539
1848
1885
1661
1266
723
57
-707
-1548
-2321
-2910
-3328
-3585
-3695
-3670
-3540
-3324
-3009
-2582
-2031
-1346
