                   00005301.B0l 1
                      g_glb.dat 	   7.07 	   2.43 	   1.14 	   2.86 	   3.43 	   1.00 	   0.86 	   1.57
                      g_dir.dat 	 100.00 	 -98.00 	  59.00
                     g_step.dat 	   2.74 	  29.00 	  21.00 	  21.00 	   2.07 	  16.00 	  14.00 	  27.00
                    max_min.dat	    1.64	    1.83	    1.77	    1.26	    1.11	    1.12	    1.05	    1.09	    1.10	    1.06	    0.76	    0.85	    1.08	    1.15	    1.29	    1.34	    1.21	    0.88	    0.70	    0.77	    0.89	    1.05	    1.06	    1.09	    1.16	    1.36	    1.68	    1.74	    1.71	    1.78	    1.93	    2.11	    2.11	    2.16	    2.18	    2.20	    2.16	    2.09	    2.03	    1.98	    1.88	    1.83	    1.78	    1.75	    1.73	    1.71	    1.70	    1.72	    1.74	    1.78	    1.81	    1.84	    1.88	    1.91	    1.93	    1.90	    1.84	    1.76	    1.67	    1.53	    1.43	    1.37	    1.31	    1.26
                    cor_max.dat 	  0.86 	  0.81 	  0.93 	  0.93 	  0.89 	  0.83 	  0.93 	  0.92  
                     correl.dat	    0.40	    0.29	    0.15	    0.11	    0.12	    0.11	    0.16	    0.28	    0.39	    0.46	    0.49	    0.46	    0.39	    0.37	    0.39	    0.44	    0.47	    0.49	    0.53	    0.59	    0.66	    0.70	    0.73	    0.77	    0.81	    0.84	    0.87	    0.89	    0.90	    0.91	    0.91	    0.92	    0.92	    0.92	    0.92	    0.92	    0.92	    0.92	    0.92	    0.91	    0.91	    0.91	    0.91	    0.91	    0.91	    0.90	    0.90	    0.90	    0.90	    0.90	    0.90	    0.90	    0.90	    0.90	    0.89	    0.88	    0.87	    0.85	    0.84	    0.81	    0.78	    0.74	    0.69	    0.64
               max_minValue.dat	    0.53	    0.54	    0.52	    1.34	    2.11	    1.72	  414.00	 -253.00	  476.00	 -260.00	  467.00	 -264.00	  408.00	 -325.00	  344.00	 -309.00	  333.00	 -298.00	  371.00	 -355.00	  432.00	 -395.00	  421.00	 -381.00	  359.00	 -339.00	  288.00	 -377.00	  276.00	 -326.00	  315.00	 -291.00	  368.00	 -321.00	  434.00	 -336.00	  438.00	 -327.00	  388.00	 -320.00	  309.00	 -350.00	  245.00	 -352.00	  285.00	 -368.00	  326.00	 -367.00	  364.00	 -347.00	  425.00	 -401.00	  511.00	 -470.00	  638.00	 -552.00	  763.00	 -559.00	  873.00	 -521.00	  996.00	 -574.00	 1125.00	 -659.00	 1251.00	 -701.00	 1337.00	 -691.00	 1388.00	 -658.00	 1388.00	 -658.00	 1391.00	 -645.00	 1392.00	 -638.00	 1389.00	 -632.00	 1383.00	 -641.00	 1374.00	 -657.00	 1359.00	 -671.00	 1341.00	 -678.00	 1308.00	 -696.00	 1284.00	 -702.00	 1252.00	 -705.00	 1222.00	 -700.00	 1187.00	 -688.00	 1150.00	 -674.00	 1116.00	 -655.00	 1079.00	 -626.00	 1036.00	 -596.00	  994.00	 -559.00	  945.00	 -522.00	  895.00	 -487.00	  843.00	 -449.00	  784.00	 -410.00	  726.00	 -377.00	  664.00	 -350.00	  569.00	 -310.00	  509.00	 -289.00	  449.00	 -269.00	  392.00	 -257.00	  352.00	 -246.00	  328.00	 -239.00	  310.00	 -237.00	  297.00	 -235.00
                    cor_cor.dat 	  0.54 	  0.60 	  0.37 	  0.61 	  0.99 	  1.00 	  0.99 	  0.97  
                  direction.dat	    0.79	    0.81	    0.85	    0.86	    0.85	    0.82	    0.82	    0.82	    0.82	    0.85	    0.83	    0.83	   -0.72	   -0.71	   -0.70	   -0.70	    0.81	    0.83	    0.60	   -0.35	   -0.36	    0.16	    0.17	    0.18	    0.23	    0.25	    0.28	    0.35	    0.36	    0.36	    0.35	    0.36	    0.36	    0.36	    0.37	    0.37	    0.39	    0.40	    0.40	    0.40	    0.41	    0.41	    0.41	    0.41	    0.41	    0.42	    0.42	    0.42	    0.42	    0.44	    0.44	    0.44	    0.43	    0.44	    0.45	    0.45	    0.45	    0.45	    0.45	    0.45	    0.46	    0.46	    0.46	    0.45
                    cor_dir.dat 	 -0.48 	 -0.59 	 -0.43 	 -0.42 	 -0.15 	 -0.42 	 -0.38 	  0.44  
                 StepPoints.dat 	 0.35 	 0.52 	 0.50 	 0.55 	 0.53 	 0.61 	 0.64 	 0.61 	 0.55 	 0.61 	 0.62 	 0.59 	 0.62 	 0.52 	 0.69 	 0.52 	 0.50
                 PointsComp.dat 	 0.28
                dir_changes.dat	    0.00	    0.02	    0.04	    0.01	   -0.01	   -0.04	    0.00	    0.00	    0.00	    0.02	   -0.02	    0.00	   -1.55	    0.01	    0.01	    0.00	    1.51	    0.02	   -0.23	   -0.95	   -0.01	    0.52	    0.01	    0.01	    0.05	    0.02	    0.03	    0.06	    0.01	    0.00	   -0.01	    0.01	    0.00	    0.00	    0.02	    0.00	    0.02	    0.01	    0.00	    0.00	    0.02	    0.00	    0.00	    0.00	    0.00	    0.01	    0.00	    0.00	    0.00	    0.02	    0.00	    0.00	   -0.01	    0.01	    0.01	    0.00	    0.00	    0.00	   -0.01	    0.01	    0.00	    0.00	    0.00	   -0.01
            cor_dir_changes.dat 	  0.28 	  0.28 	  0.11 	  0.00 	 -0.05 	  0.00 	 -0.43 	 -0.04  
