C:\mcg1204\averaged\00001101.000\00001101.r0l 
20 30
64 650
245
579
896
1177
1400
1547
1597
1554
1467
1385
1351
1415
1621
1967
2373
2770
3088
3256
3207
2967
2636
2249
1841
1447
1101
896
879
1015
1269
1606
1992
533
833
1125
1395
1629
1813
1935
2016
2063
2115
2213
2399
2714
3091
3508
3904
4216
4383
4343
4124
3812
3437
3032
2627
2252
1962
1825
1813
1894
2036
2209
774
1031
1288
1538
1774
1987
2171
2361
2522
2691
2904
3196
3602
4016
4451
4852
5165
5337
5312
5121
4836
4482
4088
3680
3285
2926
2688
2545
2470
2434
2412
939
1147
1364
1589
1821
2058
2299
2580
2841
3112
3424
3805
4288
4746
5205
5618
5940
6122
6120
5965
5713
5387
5011
4607
4198
3789
3468
3212
2998
2804
2605
998
1156
1331
1530
1756
2015
2313
2671
3017
3375
3771
4228
4772
5283
5774
6207
6544
6747
6776
6661
6448
6155
5802
5408
4992
4551
4165
3815
3482
3146
2789
922
1032
1168
1342
1565
1849
2204
2627
3045
3478
3945
4465
5057
5629
6161
6624
6985
7216
7284
7215
7045
6790
6464
6084
5665
5211
4780
4355
3922
3465
2969
682
750
853
1008
1234
1548
1968
2443
2922
3418
3944
4516
5146
5787
6370
6871
7268
7536
7654
7633
7509
7294
7000
6636
6217
5770
5313
4834
4321
3762
3147
326
395
506
674
914
1244
1677
2177
2684
3216
3792
4430
5149
5819
6438
6983
7431
7758
7941
7974
7894
7713
7441
7091
6674
6204
5713
5190
4623
4000
3311
-65
7
128
310
568
914
1364
1880
2408
2969
3587
4285
5086
5781
6433
7018
7514
7896
8142
8229
8192
8044
7795
7457
7042
6560
6047
5491
4881
4205
3452
-475
-411
-293
-109
152
503
956
1470
2000
2572
3213
3952
4816
5542
6232
6863
7411
7855
8169
8319
8335
8229
8012
7696
7292
6814
6295
5724
5088
4376
3576
-885
-858
-771
-612
-374
-46
380
863
1364
1917
2552
3302
4199
4970
5712
6403
7019
7537
7933
8165
8253
8208
8042
7767
7394
6943
6441
5877
5238
4512
3690
-1277
-1330
-1316
-1227
-1055
-793
-434
-24
407
899
1487
2206
3095
3933
4751
5524
6231
6846
7348
7690
7878
7923
7836
7630
7317
6922
6466
5938
5324
4615
3798
-1633
-1823
-1941
-1979
-1932
-1794
-1561
-1277
-966
-587
-100
536
1364
2301
3225
4113
4941
5686
6325
6815
7141
7314
7345
7247
7031
6727
6352
5895
5342
4683
3907
-1926
-2291
-2569
-2765
-2882
-2921
-2887
-2803
-2684
-2476
-2127
-1583
-792
209
1233
2250
3236
4163
5007
5674
6164
6488
6661
6695
6603
6397
6118
5752
5287
4709
4006
-2150
-2698
-3149
-3514
-3804
-4032
-4208
-4333
-4415
-4387
-4186
-3746
-3002
-1936
-816
327
1468
2576
3622
4469
5124
5602
5918
6086
6120
6016
5837
5567
5193
4700
4074
-2311
-3041
-3662
-4193
-4655
-5068
-5452
-5789
-6073
-6228
-6176
-5841
-5145
-4032
-2832
-1575
-295
977
2211
3231
4047
4674
5128
5425
5582
5582
5504
5333
5053
4647
4101
-2416
-3313
-4088
-4771
-5390
-5974
-6551
-7092
-7573
-7903
-7995
-7758
-7104
-5973
-4720
-3380
-1989
-579
812
1994
2959
3723
4304
4719
4985
5090
5116
5045
4859
4542
4077
-2473
-3509
-4411
-5217
-5965
-6691
-7434
-8165
-8828
-9320
-9540
-9388
-8762
-7653
-6390
-5008
-3547
-2043
-533
791
1886
2769
3458
3972
4330
4540
4668
4696
4605
4377
3992
-2489
-3622
-4610
-5500
-6335
-7164
-8031
-8930
-9753
-10384
-10711
-10620
-10000
-8968
-7749
-6381
-4905
-3361
-1789
-344
854
1830
2602
3190
3614
3927
4156
4282
4284
4142
3836
-2486
-3650
-4679
-5616
-6506
-7393
-8320
-9258
-10121
-10805
-11207
-11221
-10743
-9764
-8604
-7299
-5882
-4386
-2846
-1394
-163
865
1707
2379
2900
3287
3590
3791
3873
3820
3614
-2482
-3633
-4659
-5602
-6503
-7405
-8349
-9293
-10166
-10872
-11317
-11404
-11038
-10141
-9072
-7860
-6532
-5116
-3638
-2212
-982
65
944
1668
2252
2695
3051
3308
3452
3468
3343
-2473
-3575
-4561
-5473
-6348
-7228
-8153
-9076
-9931
-10632
-11091
-11223
-10942
-10152
-9199
-8104
-6890
-5577
-4186
-2815
-1616
-578
307
1054
1672
2151
2543
2837
3023
3089
3027
-2456
-3478
-4394
-5244
-6064
-6892
-7766
-8645
-9459
-10130
-10582
-10736
-10515
-9849
-9029
-8070
-6987
-5795
-4509
-3219
-2078
-1076
-208
534
1159
1657
2066
2379
2590
2689
2671
-2426
-3344
-4167
-4932
-5672
-6425
-7225
-8040
-8793
-9415
-9839
-9995
-9816
-9285
-8609
-7797
-6857
-5797
-4627
-3441
-2379
-1437
-610
105
715
1214
1623
1939
2156
2272
2281
-2381
-3178
-3890
-4551
-5195
-5854
-6564
-7299
-7976
-8534
-8914
-9057
-8904
-8513
-7986
-7325
-6532
-5609
-4560
-3497
-2535
-1671
-904
-234
341
824
1217
1518
1726
1841
1861
-2309
-2989
-3595
-4158
-4706
-5269
-5875
-6515
-7105
-7593
-7929
-8060
-7935
-7627
-7203
-6663
-6009
-5240
-4359
-3409
-2546
-1770
-1081
-479
37
480
839
1113
1302
1406
1424
-2208
-2778
-3287
-3760
-4221
-4695
-5206
-5752
-6256
-6675
-6965
-7084
-6990
-6743
-6400
-5960
-5422
-4787
-4053
-3219
-2462
-1780
-1175
-646
-193
194
505
739
895
975
977
-2080
-2542
-2956
-3341
-3717
-4104
-4522
-4970
-5384
-5730
-5972
-6077
-6008
-5808
-5531
-5176
-4740
-4222
-3621
-2913
-2270
-1691
-1178
-732
-353
-33
215
394
503
543
516
-1929
-2279
-2593
-2885
-3171
-3467
-3787
-4130
-4447
-4713
-4900
-4981
-4931
-4769
-4550
-4271
-3929
-3520
-3042
-2474
-1958
-1495
-1087
-735
-442
-206
-34
74
120
107
35
-1759
-1986
-2188
-2377
-2562
-2756
-2967
-3193
-3402
-3576
-3695
-3743
-3700
-3573
-3410
-3206
-2956
-2655
-2299
-1885
-1511
-1180
-893
-653
-462
-324
-245
-223
-254
-337
-469
-1573
-1659
-1733
-1801
-1868
-1942
-2028
-2121
-2206
-2272
-2309
-2307
-2256
-2170
-2067
-1942
-1788
-1599
-1370
-1130
-919
-738
-591
-481
-412
-390
-421
-500
-626
-795
-1005
