                   00001101.B0l 1
                      g_glb.dat 	   3.69 	   1.38 	   1.08 	   0.85 	   2.69 	   1.77 	   0.69 	   0.23
                      g_dir.dat 	   0.00 	   0.00 	   0.00
                     g_step.dat 	   1.55 	  17.00 	  15.00 	  10.00 	   1.09 	  12.00 	   9.00 	   3.00
                    max_min.dat	    0.69	    0.67	    0.70	    0.69	    0.64	    0.63	    0.65	    0.72	    0.78	    0.81	    0.76	    0.70	    0.64	    0.63	    0.67	    0.75	    0.82	    0.87	    0.88	    0.86	    0.85	    0.85	    0.87	    0.89	    0.92	    0.94	    0.95	    0.95	    0.94	    0.94	    0.94	    0.94	    0.94	    0.94	    0.94	    0.94	    0.93	    0.93	    0.93	    0.92	    0.91	    0.91	    0.90	    0.89	    0.88	    0.87	    0.85	    0.84	    0.82	    0.81	    0.79	    0.78	    0.77	    0.76	    0.74	    0.73	    0.72	    0.72	    0.73	    0.73	    0.74	    0.74	    0.76	    0.77
                    cor_max.dat 	  0.61 	  0.52 	  0.70 	  0.77 	  0.75 	  0.81 	  0.74 	  0.72  
                     correl.dat	    0.64	    0.67	    0.69	    0.70	    0.70	    0.70	    0.72	    0.74	    0.77	    0.78	    0.79	    0.79	    0.78	    0.77	    0.79	    0.81	    0.83	    0.85	    0.87	    0.88	    0.88	    0.88	    0.89	    0.90	    0.90	    0.90	    0.90	    0.90	    0.90	    0.90	    0.90	    0.90	    0.90	    0.90	    0.90	    0.90	    0.90	    0.90	    0.90	    0.90	    0.90	    0.90	    0.90	    0.90	    0.90	    0.90	    0.90	    0.90	    0.90	    0.89	    0.89	    0.89	    0.89	    0.89	    0.88	    0.88	    0.88	    0.88	    0.87	    0.87	    0.87	    0.87	    0.87	    0.86
               max_minValue.dat	   -0.89	   -0.91	   -0.88	   -0.75	   -0.94	   -0.84	  424.00	 -618.00	  442.00	 -659.00	  510.00	 -730.00	  548.00	 -793.00	  549.00	 -852.00	  562.00	 -897.00	  607.00	 -934.00	  714.00	 -995.00	  848.00	 -1083.00	  969.00	 -1197.00	 1015.00	 -1334.00	 1004.00	 -1444.00	  975.00	 -1526.00	 1008.00	 -1612.00	 1141.00	 -1701.00	 1376.00	 -1824.00	 1610.00	 -1969.00	 1885.00	 -2173.00	 2135.00	 -2417.00	 2338.00	 -2710.00	 2592.00	 -3057.00	 2949.00	 -3485.00	 3450.00	 -3979.00	 4015.00	 -4500.00	 4576.00	 -4987.00	 5086.00	 -5425.00	 5452.00	 -5765.00	 5825.00	 -6162.00	 6139.00	 -6518.00	 6399.00	 -6799.00	 6558.00	 -6973.00	 6582.00	 -6996.00	 6582.00	 -6996.00	 6574.00	 -6985.00	 6518.00	 -6935.00	 6483.00	 -6906.00	 6376.00	 -6824.00	 6316.00	 -6779.00	 6160.00	 -6654.00	 6073.00	 -6584.00	 5866.00	 -6417.00	 5746.00	 -6320.00	 5487.00	 -6121.00	 5350.00	 -6010.00	 5050.00	 -5756.00	 4886.00	 -5628.00	 4552.00	 -5352.00	 4380.00	 -5206.00	 4029.00	 -4894.00	 3859.00	 -4741.00	 3507.00	 -4415.00	 3336.00	 -4251.00	 3013.00	 -3927.00	 2849.00	 -3754.00	 2551.00	 -3429.00	 2404.00	 -3277.00	 2140.00	 -2958.00	 2022.00	 -2804.00	 1829.00	 -2514.00	 1736.00	 -2377.00	 1564.00	 -2123.00	 1490.00	 -2003.00	 1349.00	 -1774.00	 1279.00	 -1671.00
                    cor_cor.dat 	  0.93 	  0.93 	  0.91 	  0.94 	  0.97 	  0.99 	  0.99 	  0.93  
                  direction.dat	   -0.02	   -0.06	   -0.06	   -0.04	   -0.04	   -0.02	   -0.02	   -0.04	   -0.04	   -0.05	   -0.05	   -0.05	   -0.02	   -0.05	   -0.05	   -0.05	   -0.08	   -0.08	   -0.08	   -0.06	   -0.06	   -0.06	   -0.06	   -0.06	   -0.06	   -0.08	   -0.08	   -0.06	   -0.06	   -0.05	   -0.03	   -0.02	   -0.02	   -0.02	   -0.02	   -0.02	   -0.02	   -0.02	   -0.02	   -0.02	   -0.02	   -0.02	   -0.02	   -0.02	   -0.02	   -0.00	   -0.00	   -0.00	   -0.00	    0.02	    0.02	    0.02	    0.03	    0.03	    0.03	    0.03	    0.03	    0.03	    0.03	    0.03	    0.06	    0.06	    0.06	    0.06
                    cor_dir.dat 	  0.38 	  0.33 	  0.44 	  0.48 	  0.34 	  0.47 	 -0.14 	  0.34  
                 StepPoints.dat 	 0.08 	 0.47 	 0.47 	 0.53 	 0.50 	 0.47 	 0.45 	 0.48 	 0.50 	 0.50 	 0.48 	 0.50 	 0.47 	 0.48 	 0.48 	 0.52 	 0.56
                 PointsComp.dat 	 0.07
                dir_changes.dat	    0.00	   -0.04	    0.01	    0.02	    0.00	    0.02	    0.00	   -0.02	    0.00	   -0.01	    0.00	    0.00	    0.03	   -0.03	    0.00	    0.00	   -0.03	    0.00	    0.00	    0.02	    0.00	    0.00	    0.00	    0.00	    0.00	   -0.02	    0.00	    0.02	    0.00	    0.02	    0.01	    0.02	    0.00	    0.00	    0.00	    0.00	    0.00	    0.00	    0.00	    0.00	    0.00	    0.00	    0.00	    0.00	    0.00	    0.02	    0.00	    0.00	    0.00	    0.02	    0.00	    0.00	    0.02	    0.00	    0.00	    0.00	    0.00	    0.00	    0.00	    0.00	    0.03	    0.00	    0.00	    0.00
            cor_dir_changes.dat 	 -0.37 	 -0.38 	  0.64 	 -0.00 	  0.01 	  0.00 	  0.15 	  0.00  
