D:\SOFTMAG\cryoton\averaged\00001205.000\00001205.R0l 
20 30
64 766
345
243
197
226
351
590
964
1385
1792
2236
2767
3439
4302
5321
6335
7205
7790
7953
7553
6731
5767
4730
3691
2719
1884
1370
1272
1520
2043
2773
3640
408
362
368
438
586
826
1171
1548
1911
2312
2801
3430
4251
5229
6210
7071
7690
7942
7707
7103
6358
5532
4688
3887
3190
2642
2443
2532
2849
3331
3917
459
462
511
614
777
1010
1320
1648
1963
2316
2759
3342
4117
5049
5991
6839
7484
7822
7746
7356
6826
6207
5555
4920
4358
3795
3516
3468
3598
3853
4180
486
530
614
741
912
1130
1395
1668
1929
2229
2618
3148
3871
4748
5645
6471
7136
7551
7626
7441
7116
6695
6223
5746
5309
4763
4436
4284
4260
4320
4420
475
551
663
806
977
1171
1385
1593
1790
2026
2353
2822
3482
4295
5136
5930
6605
7088
7305
7309
7173
6934
6629
6294
5965
5481
5151
4937
4803
4712
4629
413
514
644
796
958
1120
1274
1405
1526
1688
1940
2334
2921
3658
4430
5181
5854
6392
6738
6910
6943
6865
6705
6490
6250
5883
5604
5384
5196
5010
4798
287
403
545
696
841
964
1050
1089
1119
1191
1354
1659
2158
2804
3494
4187
4843
5422
5884
6197
6371
6427
6385
6264
6086
5902
5742
5583
5407
5192
4920
114
241
389
538
665
749
771
712
645
621
688
899
1302
1863
2484
3131
3769
4363
4879
5247
5491
5629
5679
5657
5580
5499
5433
5364
5277
5152
4974
-68
69
224
369
479
525
483
328
166
47
21
138
449
920
1469
2066
2682
3289
3856
4259
4555
4756
4878
4936
4943
4977
5019
5054
5069
5048
4977
-250
-108
45
179
263
264
150
-102
-360
-575
-696
-673
-457
-78
395
939
1530
2145
2760
3201
3549
3816
4013
4152
4245
4403
4562
4710
4837
4929
4975
-417
-288
-151
-43
-1
-63
-264
-618
-978
-1293
-1513
-1589
-1471
-1187
-793
-305
258
879
1538
2040
2463
2817
3112
3355
3556
3843
4124
4391
4633
4843
5011
-558
-466
-370
-313
-336
-483
-796
-1260
-1728
-2151
-2478
-2660
-2648
-2463
-2149
-1720
-1187
-563
137
742
1284
1769
2204
2594
2947
3364
3768
4153
4513
4841
5131
-661
-637
-614
-640
-761
-1026
-1482
-2066
-2654
-3194
-3639
-3938
-4043
-3958
-3729
-3360
-2861
-2237
-1496
-723
0
680
1319
1921
2489
3032
3555
4055
4529
4971
5381
-721
-820
-917
-1060
-1298
-1680
-2256
-2973
-3680
-4335
-4895
-5316
-5554
-5583
-5461
-5177
-4720
-4079
-3243
-2242
-1270
-332
565
1418
2220
2972
3651
4262
4812
5305
5748
-746
-969
-1186
-1446
-1801
-2302
-2999
-3838
-4657
-5419
-6085
-6619
-6982
-7120
-7102
-6898
-6479
-5817
-4882
-3646
-2419
-1216
-51
1060
2105
3043
3855
4556
5160
5682
6136
-741
-1079
-1407
-1776
-2240
-2850
-3659
-4606
-5521
-6373
-7131
-7762
-8235
-8476
-8556
-8427
-8042
-7353
-6313
-4859
-3394
-1942
-527
827
2097
3193
4111
4873
5503
6025
6462
-710
-1146
-1567
-2028
-2583
-3286
-4189
-5220
-6208
-7128
-7953
-8658
-9217
-9556
-9728
-9668
-9311
-8589
-7439
-5806
-4143
-2483
-858
697
2152
3372
4360
5148
5769
6256
6643
-657
-1165
-1654
-2180
-2799
-3567
-4539
-5623
-6654
-7610
-8473
-9222
-9836
-10266
-10523
-10525
-10188
-9427
-8159
-6412
-4616
-2812
-1042
650
2225
3528
4544
5317
5888
6300
6593
-589
-1132
-1653
-2209
-2858
-3656
-4661
-5760
-6795
-7751
-8613
-9367
-10000
-10511
-10846
-10902
-10576
-9767
-8374
-6602
-4761
-2902
-1076
665
2273
3609
4607
5317
5790
6077
6230
-520
-1059
-1579
-2135
-2781
-3574
-4566
-5633
-6644
-7579
-8422
-9155
-9760
-10214
-10500
-10526
-10204
-9442
-8150
-6400
-4597
-2787
-1016
671
2230
3415
4291
4904
5297
5518
5609
-462
-971
-1463
-1991
-2608
-3366
-4320
-5337
-6305
-7204
-8011
-8705
-9264
-9658
-9891
-9886
-9564
-8847
-7655
-5988
-4287
-2591
-938
632
2080
3112
3865
4378
4691
4843
4872
-414
-869
-1310
-1787
-2352
-3054
-3946
-4899
-5812
-6660
-7417
-8058
-8559
-8890
-9070
-9031
-8707
-8031
-6937
-5406
-3858
-2325
-842
558
1844
2725
3357
3773
4007
4092
4061
-373
-756
-1127
-1535
-2029
-2657
-3468
-4348
-5196
-5983
-6680
-7259
-7691
-7958
-8081
-8007
-7679
-7044
-6045
-4690
-3334
-2005
-730
462
1545
2280
2796
3120
3280
3303
3216
-336
-633
-922
-1247
-1656
-2195
-2912
-3712
-4488
-5208
-5840
-6350
-6707
-6908
-6975
-6863
-6531
-5934
-5030
-3877
-2741
-1643
-605
351
1205
1803
2210
2451
2545
2514
2381
-302
-504
-699
-932
-1247
-1689
-2302
-3019
-3721
-4372
-4935
-5374
-5654
-5788
-5797
-5648
-5310
-4752
-3942
-3006
-2105
-1253
-467
238
848
1318
1630
1798
1838
1765
1597
-263
-356
-449
-585
-810
-1168
-1702
-2341
-2977
-3568
-4073
-4449
-4655
-4721
-4661
-4464
-4115
-3602
-2911
-2193
-1523
-910
-358
123
531
837
1041
1150
1171
1111
974
-218
-210
-208
-257
-401
-683
-1148
-1719
-2301
-2845
-3304
-3629
-3774
-3771
-3645
-3400
-3041
-2575
-2005
-1471
-1001
-593
-244
47
286
451
572
648
674
650
571
-168
-63
28
62
-2
-213
-612
-1126
-1662
-2167
-2588
-2872
-2963
-2893
-2701
-2409
-2041
-1622
-1174
-803
-512
-289
-122
0
89
135
195
258
311
344
343
-116
85
268
387
399
260
-72
-532
-1027
-1499
-1887
-2133
-2177
-2039
-1781
-1442
-1066
-694
-368
-152
-31
15
8
-30
-80
-135
-119
-51
47
154
251
-63
240
518
726
821
759
497
90
-365
-804
-1161
-1370
-1367
-1162
-837
-452
-67
257
461
519
467
334
150
-52
-246
-388
-400
-312
-154
43
251
-14
402
784
1091
1278
1303
1122
769
355
-47
-370
-541
-489
-215
176
608
1003
1282
1366
1250
1008
680
305
-78
-431
-647
-676
-557
-328
-28
302
