                   00001205.B0l 1
                      g_glb.dat 	   0.86 	   0.14 	   0.00 	   0.50 	   5.07 	   3.43 	   0.57 	   1.07
                      g_dir.dat 	   0.00 	  -1.00 	   1.00
                     g_step.dat 	   0.41 	   2.00 	   0.00 	  10.00 	   2.24 	  42.00 	   8.00 	  19.00
                    max_min.dat	    0.55	    0.61	    0.64	    0.67	    0.71	    0.72	    0.70	    0.68	    0.64	    0.64	    0.67	    0.75	    0.85	    1.02	    1.20	    1.36	    1.47	    1.53	    1.52	    1.49	    1.47	    1.38	    1.38	    1.43	    1.50	    1.49	    1.48	    1.46	    1.42	    1.36	    1.21	    1.05	    1.05	    1.00	    0.93	    0.89	    0.85	    0.80	    0.77	    0.74	    0.71	    0.70	    0.67	    0.66	    0.65	    0.64	    0.64	    0.64	    0.64	    0.64	    0.65	    0.70	    0.74	    0.79	    0.85	    0.89	    0.94	    0.95	    0.95	    0.92	    0.88	    0.82	    0.79	    0.76
                    cor_max.dat 	  0.59 	  0.48 	  0.72 	  0.73 	  0.74 	  0.77 	  0.66 	  0.78  
                     correl.dat	   -0.09	    0.45	    0.51	    0.53	    0.54	    0.54	    0.51	    0.48	    0.45	    0.44	    0.47	    0.53	    0.60	    0.70	    0.74	    0.76	    0.76	    0.76	    0.75	    0.72	    0.70	    0.69	    0.70	    0.73	    0.77	    0.80	    0.83	    0.85	    0.87	    0.88	    0.87	    0.86	    0.86	    0.85	    0.84	    0.83	    0.82	    0.81	    0.80	    0.79	    0.78	    0.78	    0.78	    0.78	    0.78	    0.78	    0.78	    0.79	    0.79	    0.79	    0.79	    0.80	    0.80	    0.80	    0.79	    0.79	    0.79	    0.78	    0.78	    0.77	    0.76	    0.74	    0.71	    0.68
               max_minValue.dat	   -0.15	    0.64	   -0.66	    1.36	    1.05	   -0.64	  376.00	 -682.00	  514.00	 -841.00	  569.00	 -895.00	  606.00	 -904.00	  653.00	 -919.00	  694.00	 -962.00	  727.00	 -1033.00	  744.00	 -1101.00	  762.00	 -1182.00	  799.00	 -1251.00	  866.00	 -1293.00	  973.00	 -1300.00	 1091.00	 -1280.00	 1253.00	 -1234.00	 1423.00	 -1190.00	 1594.00	 -1168.00	 1735.00	 -1182.00	 1899.00	 -1245.00	 2066.00	 -1356.00	 2248.00	 -1504.00	 2422.00	 -1647.00	 2669.00	 -1934.00	 2965.00	 -2152.00	 3309.00	 -2306.00	 3681.00	 -2451.00	 3996.00	 -2681.00	 4349.00	 -2940.00	 4629.00	 -3173.00	 4796.00	 -3381.00	 4829.00	 -3538.00	 4738.00	 -3905.00	 4519.00	 -4323.00	 4519.00	 -4323.00	 4426.00	 -4445.00	 4266.00	 -4601.00	 4150.00	 -4683.00	 4026.00	 -4743.00	 3830.00	 -4792.00	 3692.00	 -4795.00	 3553.00	 -4770.00	 3337.00	 -4682.00	 3191.00	 -4590.00	 2968.00	 -4408.00	 2816.00	 -4254.00	 2666.00	 -4082.00	 2442.00	 -3789.00	 2293.00	 -3575.00	 2146.00	 -3355.00	 1932.00	 -3013.00	 1791.00	 -2787.00	 1663.00	 -2560.00	 1559.00	 -2239.00	 1509.00	 -2036.00	 1456.00	 -1846.00	 1358.00	 -1592.00	 1286.00	 -1438.00	 1166.00	 -1243.00	 1078.00	 -1133.00	  986.00	 -1034.00	  846.00	 -915.00	  751.00	 -849.00	  655.00	 -796.00	  573.00	 -729.00	  525.00	 -695.00
                    cor_cor.dat 	  0.75 	  0.67 	  0.80 	  0.75 	  0.95 	  0.95 	  0.93 	  0.96  
                  direction.dat	   -0.28	   -0.25	   -0.25	   -0.25	   -0.25	   -0.25	   -0.25	   -0.25	   -0.25	   -0.25	   -0.25	   -0.25	   -0.25	   -0.25	   -0.25	   -0.25	   -0.25	   -0.23	   -0.20	   -0.20	   -0.18	   -0.15	   -0.15	   -0.13	   -0.12	   -0.13	   -0.13	   -0.10	   -0.10	   -0.09	   -0.08	   -0.07	   -0.07	   -0.05	   -0.05	   -0.05	   -0.05	   -0.05	   -0.05	   -0.05	   -0.05	   -0.05	   -0.05	   -0.05	   -0.05	   -0.06	   -0.06	   -0.16	   -0.21	   -0.23	   -0.23	   -0.23	   -0.23	   -0.23	   -0.23	   -0.23	   -0.25	   -0.25	   -0.25	   -0.23	   -0.25	    0.14	    0.16	    0.18
                    cor_dir.dat 	  0.78 	  0.80 	  0.78 	  0.77 	  0.54 	  0.86 	  0.53 	  0.52  
                 StepPoints.dat 	 0.19 	 0.52 	 0.50 	 0.52 	 0.50 	 0.45 	 0.50 	 0.48 	 0.55 	 0.48 	 0.48 	 0.48 	 0.47 	 0.41 	 0.45 	 0.47 	 0.50
                 PointsComp.dat 	 0.14
                dir_changes.dat	    0.00	    0.03	    0.00	    0.00	    0.00	    0.00	    0.00	    0.00	    0.00	    0.00	    0.00	    0.00	    0.00	    0.00	    0.00	    0.00	    0.00	    0.02	    0.02	    0.00	    0.02	    0.02	    0.00	    0.03	    0.01	   -0.01	    0.00	    0.02	    0.00	    0.01	    0.01	    0.01	    0.00	    0.03	    0.00	    0.00	    0.00	    0.00	    0.00	    0.00	    0.00	    0.00	    0.00	    0.00	    0.00	   -0.01	    0.00	   -0.10	   -0.05	   -0.02	    0.00	   -0.00	    0.00	    0.00	   -0.00	    0.00	   -0.02	    0.00	    0.00	    0.02	   -0.02	    0.39	    0.02	    0.02
            cor_dir_changes.dat 	  0.30 	  0.30 	  0.00 	  0.77 	  0.91 	  0.65 	 -0.39 	  0.95  
