d:\SOFTMAG\averaged\00003501.000\00003501.R0l 
20 30
64 820
1356
2410
3357
4111
4591
4713
4396
3774
3077
2353
1654
1032
536
148
-122
-189
35
640
1713
2997
4150
5128
5887
6383
6572
6336
5617
4460
2907
1003
-1207
1779
2547
3223
3728
3983
3910
3429
2855
2214
1561
946
424
46
-327
-585
-647
-434
134
1137
2321
3371
4247
4909
5318
5434
5254
4622
3577
2160
411
-1631
2151
2649
3072
3344
3391
3139
2512
1980
1393
804
270
-156
-419
-774
-1011
-1060
-850
-310
631
1718
2669
3446
4015
4341
4387
4255
3702
2762
1472
-131
-2015
2380
2646
2853
2930
2807
2414
1679
1166
607
61
-417
-771
-944
-1263
-1464
-1486
-1264
-737
157
1165
2033
2729
3222
3481
3476
3373
2881
2029
850
-626
-2367
2373
2465
2515
2456
2222
1746
962
425
-146
-694
-1159
-1483
-1608
-1869
-2012
-1983
-1727
-1190
-319
638
1453
2097
2545
2768
2740
2642
2184
1394
299
-1075
-2700
2037
2036
2009
1893
1628
1149
396
-226
-873
-1484
-1998
-2355
-2493
-2666
-2721
-2611
-2290
-1714
-836
114
919
1556
2000
2230
2223
2094
1636
873
-173
-1480
-3025
1281
1286
1283
1212
1016
636
14
-775
-1579
-2334
-2977
-3447
-3681
-3728
-3656
-3428
-3005
-2352
-1430
-429
422
1106
1604
1897
1967
1763
1261
480
-561
-1845
-3353
206
476
717
850
795
475
-190
-1202
-2249
-3247
-4108
-4747
-5078
-5090
-4935
-4587
-4017
-3199
-2106
-915
84
880
1459
1806
1908
1681
1154
343
-739
-2080
-3666
-943
-380
133
498
614
381
-300
-1548
-2855
-4110
-5205
-6029
-6472
-6449
-6212
-5743
-5025
-4044
-2781
-1385
-222
698
1371
1786
1935
1676
1119
271
-859
-2264
-3934
-2052
-1201
-418
174
456
307
-393
-1863
-3415
-4914
-6227
-7221
-7762
-7704
-7383
-6794
-5929
-4783
-3350
-1759
-443
594
1351
1825
2011
1722
1134
249
-927
-2395
-4150
-3003
-1900
-886
-101
310
207
-549
-2197
-3948
-5646
-7134
-8253
-8847
-8753
-8349
-7638
-6626
-5315
-3710
-1957
-520
601
1411
1910
2102
1791
1180
266
-950
-2473
-4305
-3679
-2394
-1217
-312
159
34
-849
-2599
-4476
-6298
-7884
-9054
-9626
-9496
-9007
-8175
-7013
-5537
-3760
-1899
-397
753
1561
2032
2173
1854
1235
308
-932
-2496
-4389
-3964
-2599
-1362
-438
-8
-258
-1371
-3118
-5015
-6857
-8438
-9553
-10000
-9831
-9257
-8301
-6989
-5346
-3397
-1506
-16
1085
1812
2176
2190
1885
1280
362
-881
-2463
-4396
-3866
-2799
-1822
-1098
-790
-1062
-2076
-3741
-5530
-7246
-8693
-9677
-10001
-9583
-8795
-7675
-6260
-4586
-2693
-966
367
1325
1926
2190
2134
1723
1067
149
-1050
-2551
-4370
-3521
-2799
-2129
-1654
-1516
-1858
-2821
-4355
-5986
-7528
-8794
-9596
-9748
-9101
-8120
-6854
-5355
-3671
-1854
-322
822
1603
2047
2177
2020
1515
821
-83
-1226
-2631
-4324
-2999
-2644
-2304
-2101
-2156
-2590
-3525
-4896
-6339
-7676
-8728
-9318
-9268
-8422
-7277
-5897
-4344
-2680
-970
350
1290
1879
2149
2131
1857
1278
570
-300
-1364
-2652
-4197
-2370
-2380
-2368
-2434
-2679
-3204
-4108
-5303
-6544
-7662
-8488
-8852
-8587
-7583
-6316
-4862
-3296
-1694
-132
979
1714
2111
2208
2043
1653
1032
338
-467
-1421
-2563
-3929
-1704
-2052
-2340
-2648
-3056
-3643
-4490
-5513
-6556
-7460
-8063
-8206
-7729
-6619
-5282
-3807
-2281
-793
569
1488
2037
2260
2202
1907
1418
794
153
-548
-1354
-2310
-3459
-1073
-1706
-2241
-2738
-3256
-3853
-4590
-5462
-6330
-7041
-7444
-7388
-6721
-5568
-4225
-2791
-1368
-56
1043
1803
2200
2284
2105
1714
1162
581
41
-508
-1119
-1842
-2727
-585
-1236
-1805
-2350
-2925
-3586
-4389
-5065
-5740
-6277
-6543
-6402
-5718
-4706
-3516
-2236
-958
231
1242
1840
2119
2124
1898
1488
937
526
153
-226
-658
-1186
-1854
-282
-879
-1413
-1934
-2496
-3151
-3950
-4491
-5035
-5463
-5654
-5491
-4853
-3996
-2974
-1865
-746
304
1212
1698
1909
1886
1665
1286
787
527
301
72
-199
-553
-1026
-127
-614
-1053
-1493
-1984
-2574
-3313
-3773
-4240
-4611
-4782
-4650
-4112
-3420
-2577
-1648
-699
203
997
1413
1601
1591
1417
1112
709
574
472
369
232
30
-270
-87
-417
-717
-1031
-1405
-1885
-2517
-2941
-3377
-3735
-3931
-3875
-3481
-2959
-2300
-1556
-782
-31
643
1024
1221
1260
1167
970
696
659
651
647
618
538
380
-126
-267
-393
-548
-773
-1111
-1603
-2027
-2467
-2850
-3105
-3162
-2949
-2597
-2120
-1560
-960
-360
196
568
800
912
927
864
744
772
827
888
934
944
897
-208
-139
-73
-48
-104
-278
-611
-1062
-1533
-1968
-2311
-2508
-2503
-2313
-2012
-1631
-1198
-743
-298
81
365
569
708
796
849
905
986
1076
1160
1223
1251
-239
102
413
642
742
662
352
-147
-684
-1203
-1649
-1969
-2107
-2132
-2037
-1834
-1538
-1162
-719
-231
166
481
720
890
997
1168
1304
1398
1443
1432
1359
-173
411
936
1342
1566
1550
1233
692
97
-496
-1038
-1472
-1745
-1958
-2039
-1988
-1800
-1474
-1007
-426
69
479
802
1038
1183
1415
1552
1596
1548
1410
1182
-46
765
1488
2051
2383
2414
2073
1490
837
165
-471
-1020
-1430
-1807
-2044
-2120
-2019
-1720
-1206
-541
45
542
942
1235
1412
1654
1743
1688
1498
1182
750
108
1141
2056
2772
3207
3281
2910
2276
1554
797
54
-619
-1174
-1699
-2073
-2261
-2228
-1940
-1362
-611
65
651
1128
1479
1687
1895
1891
1691
1313
775
93
254
1516
2632
3509
4055
4177
3785
3082
2274
1411
545
-272
-991
-1652
-2152
-2440
-2464
-2175
-1521
-675
100
783
1347
1766
2015
2147
2008
1623
1016
214
-757
357
1868
3204
4262
4939
5132
4739
3939
3016
2022
1005
16
-894
-1684
-2304
-2685
-2760
-2463
-1728
-770
123
921
1588
2092
2399
2419
2108
1500
629
-473
-1773
