                   00003501.B0l 1
                      g_glb.dat 	  14.93 	   3.86 	   3.86 	   7.21 	   0.57 	   0.36 	   0.14 	   0.07
                      g_dir.dat 	  43.00 	   0.00 	  21.00
                     g_step.dat 	   5.04 	  56.00 	  52.00 	 110.00 	   0.44 	   4.00 	   2.00 	   1.00
                    max_min.dat	    1.23	    0.92	    0.95	    0.96	    0.89	    0.93	    1.05	    1.18	    1.24	    1.35	    1.45	    1.73	    1.92	    2.03	    2.02	    1.94	    1.89	    1.75	    1.68	    1.63	    1.57	    1.50	    1.47	    1.50	    1.53	    1.50	    1.42	    1.31	    1.24	    1.17	    1.09	    1.04	    1.04	    1.02	    0.97	    0.95	    0.94	    0.92	    0.92	    0.90	    0.83	    0.76	    0.69	    0.64	    0.60	    0.57	    0.55	    0.53	    0.49	    0.46	    0.44	    0.41	    0.39	    0.37	    0.35	    0.33	    0.29	    0.26	    0.23	    0.30	    0.40	    0.51	    0.63	    0.66
                    cor_max.dat 	  0.76 	  0.65 	  0.83 	  0.96 	  0.65 	  0.81 	  0.58 	  0.52  
                     correl.dat	   -0.10	    0.48	    0.52	    0.56	    0.61	    0.61	    0.58	    0.56	    0.56	    0.55	    0.53	    0.51	    0.49	    0.49	    0.50	    0.51	    0.51	    0.50	    0.49	    0.49	    0.50	    0.51	    0.52	    0.53	    0.54	    0.55	    0.54	    0.54	    0.54	    0.54	    0.54	    0.55	    0.55	    0.56	    0.58	    0.59	    0.61	    0.63	    0.64	    0.66	    0.68	    0.70	    0.72	    0.73	    0.74	    0.76	    0.76	    0.76	    0.76	    0.76	    0.74	    0.73	    0.72	    0.71	    0.70	    0.69	    0.69	    0.69	    0.71	    0.74	    0.75	    0.76	    0.74	    0.70
               max_minValue.dat	   -0.02	    0.62	   -0.51	    1.94	    1.04	   -0.53	 1002.00	 -817.00	  889.00	 -971.00	  924.00	 -977.00	  939.00	 -977.00	  984.00	 -1106.00	 1139.00	 -1219.00	 1271.00	 -1210.00	 1406.00	 -1190.00	 1519.00	 -1229.00	 1634.00	 -1214.00	 1779.00	 -1225.00	 1999.00	 -1157.00	 2138.00	 -1115.00	 2174.00	 -1073.00	 2182.00	 -1080.00	 2214.00	 -1144.00	 2292.00	 -1211.00	 2369.00	 -1351.00	 2419.00	 -1436.00	 2443.00	 -1498.00	 2437.00	 -1549.00	 2426.00	 -1613.00	 2458.00	 -1667.00	 2544.00	 -1699.00	 2606.00	 -1698.00	 2603.00	 -1733.00	 2589.00	 -1829.00	 2616.00	 -2000.00	 2688.00	 -2166.00	 2688.00	 -2293.00	 2580.00	 -2373.00	 2572.00	 -2470.00	 2572.00	 -2470.00	 2582.00	 -2539.00	 2554.00	 -2623.00	 2538.00	 -2666.00	 2509.00	 -2682.00	 2477.00	 -2690.00	 2430.00	 -2652.00	 2372.00	 -2638.00	 2255.00	 -2733.00	 2160.00	 -2826.00	 2017.00	 -2933.00	 1917.00	 -2984.00	 1828.00	 -3031.00	 1733.00	 -3050.00	 1657.00	 -3036.00	 1581.00	 -3009.00	 1454.00	 -2954.00	 1348.00	 -2904.00	 1224.00	 -2813.00	 1084.00	 -2653.00	  961.00	 -2496.00	  862.00	 -2346.00	  747.00	 -2133.00	  659.00	 -1991.00	  528.00	 -1815.00	  437.00	 -1691.00	  360.00	 -1554.00	  413.00	 -1363.00	  478.00	 -1193.00	  520.00	 -1019.00	  511.00	 -807.00	  441.00	 -671.00
                    cor_cor.dat 	  0.79 	  0.68 	  0.84 	  0.81 	  0.88 	  0.82 	  0.91 	  0.92  
                  direction.dat	    0.54	    0.33	    0.33	   -0.18	   -0.20	   -0.20	   -0.18	   -0.10	   -0.08	   -0.08	   -0.15	   -0.08	   -0.08	   -0.06	    0.35	    0.35	   -0.08	   -0.08	   -0.06	   -0.06	   -0.05	   -0.05	   -0.05	   -0.06	   -0.06	   -0.05	    0.25	    0.25	    0.25	    0.29	    0.30	    0.31	    0.31	    0.31	    0.31	    0.32	    0.32	    0.33	    0.33	    0.33	    0.33	    0.33	    0.33	    0.33	    0.33	    0.08	    0.08	    0.08	    0.08	    0.08	    0.08	    0.10	    0.10	    0.10	    0.10	    0.10	    0.10	    0.08	    0.06	    0.01	    0.01	    0.01	    0.01	    0.01
                    cor_dir.dat 	 -0.56 	 -0.87 	  0.89 	  0.82 	 -0.41 	 -0.46 	 -0.53 	 -0.11  
                 StepPoints.dat 	 0.34 	 0.45 	 0.41 	 0.33 	 0.45 	 0.56 	 0.48 	 0.42 	 0.52 	 0.50 	 0.34 	 0.42 	 0.47 	 0.34 	 0.38 	 0.42 	 0.41
                 PointsComp.dat 	 0.28
                dir_changes.dat	    0.00	   -0.21	   -0.00	   -0.51	   -0.02	    0.00	    0.02	    0.08	    0.01	    0.00	   -0.07	    0.07	    0.00	    0.02	    0.41	    0.00	   -0.42	    0.00	    0.01	    0.00	    0.01	    0.00	    0.00	   -0.01	    0.00	    0.01	    0.30	    0.00	    0.00	    0.04	    0.02	    0.01	    0.00	    0.00	    0.00	    0.01	    0.00	    0.00	    0.00	    0.00	    0.00	    0.00	    0.00	    0.00	    0.00	   -0.25	    0.00	    0.00	    0.00	    0.00	    0.00	    0.02	    0.00	    0.00	    0.00	    0.00	    0.00	   -0.02	   -0.02	   -0.05	    0.00	    0.00	    0.00	   -0.00
            cor_dir_changes.dat 	 -0.45 	 -0.84 	 -0.20 	  0.00 	  0.09 	  0.00 	  0.18 	 -0.04  
