D:\SOFTMAG\cryoton\averaged\00000502.000\00000502.R0l 
20 30
64 830
212
1155
2015
2726
3225
3446
3326
2955
2509
2044
1616
1283
1102
1091
1224
1483
1850
2308
2841
3364
3811
4191
4513
4784
5015
5226
5431
5619
5784
5915
6006
251
1070
1821
2446
2888
3091
2997
2737
2417
2085
1790
1578
1498
1517
1657
1917
2297
2795
3410
4053
4625
5129
5564
5930
6229
6413
6530
6582
6566
6483
6332
280
977
1620
2160
2548
2734
2670
2505
2297
2084
1906
1801
1808
1860
2013
2280
2677
3220
3924
4670
5354
5965
6498
6944
7296
7467
7513
7442
7261
6978
6600
289
864
1401
1857
2191
2361
2326
2239
2125
2014
1935
1920
1996
2083
2248
2523
2938
3527
4319
5164
5952
6667
7292
7812
8212
8386
8377
8199
7869
7402
6815
271
724
1153
1523
1802
1956
1949
1919
1879
1849
1850
1903
2029
2146
2320
2598
3028
3657
4534
5482
6379
7200
7921
8520
8971
9167
9119
8853
8391
7759
6979
218
545
864
1147
1369
1503
1523
1527
1537
1564
1621
1719
1870
2009
2183
2456
2891
3553
4506
5571
6589
7531
8362
9052
9569
9805
9739
9403
8830
8051
7099
121
319
524
716
877
988
1031
1042
1075
1133
1219
1335
1486
1634
1795
2049
2477
3159
4175
5378
6542
7626
8590
9395
10000
10297
10234
9850
9186
8282
7178
-4
116
249
375
472
521
502
494
514
566
654
783
959
1071
1202
1435
1856
2547
3595
4961
6284
7523
8636
9580
10313
10607
10522
10100
9382
8412
7231
-135
-89
-25
35
71
61
-15
-51
-54
-17
64
198
391
459
552
756
1162
1857
2928
4455
5937
7329
8589
9671
10532
10833
10736
10286
9525
8500
7252
-269
-295
-296
-296
-318
-384
-517
-592
-628
-618
-553
-425
-228
-194
-130
55
455
1162
2267
3930
5546
7067
8449
9645
10609
10930
10835
10370
9580
8511
7211
-402
-496
-559
-617
-692
-810
-994
-1123
-1207
-1237
-1204
-1098
-910
-882
-820
-626
-205
540
1705
3457
5158
6761
8217
9479
10498
10855
10778
10313
9509
8415
7077
-532
-689
-810
-920
-1045
-1210
-1441
-1640
-1789
-1877
-1892
-1824
-1662
-1599
-1494
-1248
-761
66
1336
3105
4821
6433
7893
9149
10151
10564
10522
10077
9278
8176
6820
-657
-871
-1044
-1201
-1370
-1577
-1850
-2139
-2373
-2538
-2622
-2612
-2497
-2335
-2127
-1768
-1155
-182
1253
2944
4580
6108
7476
8632
9524
10012
10028
9624
8851
7763
6410
-766
-996
-1180
-1356
-1560
-1830
-2202
-2631
-3018
-3323
-3506
-3526
-3344
-2971
-2516
-1910
-1088
14
1467
3057
4538
5876
7038
7991
8702
9061
9045
8688
8023
7082
5899
-852
-1089
-1278
-1465
-1697
-2021
-2484
-3051
-3590
-4033
-4312
-4360
-4110
-3511
-2792
-1924
-878
372
1856
3307
4594
5704
6621
7333
7824
8059
8017
7713
7160
6373
5366
-913
-1151
-1336
-1527
-1779
-2150
-2697
-3396
-4080
-4654
-5024
-5094
-4769
-3950
-2974
-1850
-587
804
2314
3609
4686
5551
6208
6662
6918
7030
6963
6713
6275
5644
4814
-948
-1179
-1354
-1541
-1806
-2218
-2843
-3661
-4479
-5174
-5622
-5703
-5292
-4283
-3080
-1728
-277
1224
2731
3877
4751
5378
5781
5984
6012
5998
5904
5706
5380
4901
4247
-954
-1172
-1331
-1507
-1779
-2225
-2921
-3843
-4779
-5578
-6090
-6165
-5653
-4505
-3126
-1600
-13
1548
3000
4026
4726
5144
5322
5304
5132
4987
4859
4707
4486
4154
3669
-930
-1128
-1264
-1425
-1698
-2171
-2932
-3938
-4971
-5854
-6409
-6458
-5824
-4612
-3131
-1504
144
1691
3013
3970
4548
4809
4815
4627
4307
4020
3848
3731
3605
3410
3083
-884
-1086
-1230
-1400
-1678
-2146
-2889
-3870
-4876
-5743
-6302
-6387
-5832
-4650
-3212
-1636
-36
1471
2771
3595
4067
4243
4182
3942
3581
3325
3179
3086
2988
2826
2543
-827
-1028
-1175
-1349
-1626
-2085
-2804
-3749
-4718
-5557
-6109
-6220
-5734
-4623
-3271
-1786
-276
1150
2387
3121
3528
3663
3579
3331
2971
2743
2620
2549
2474
2342
2100
-761
-954
-1100
-1272
-1543
-1987
-2677
-3577
-4501
-5303
-5840
-5969
-5543
-4533
-3297
-1934
-544
770
1913
2589
2964
3090
3015
2790
2465
2263
2162
2109
2057
1954
1751
-686
-867
-1005
-1169
-1429
-1852
-2508
-3358
-4229
-4989
-5505
-5644
-5273
-4383
-3281
-2060
-810
374
1403
2042
2407
2544
2499
2318
2048
1873
1793
1761
1731
1658
1495
-604
-766
-890
-1041
-1284
-1681
-2296
-3091
-3906
-4620
-5111
-5258
-4937
-4176
-3216
-2144
-1042
4
913
1523
1887
2044
2039
1912
1705
1560
1504
1495
1491
1450
1329
-515
-651
-756
-889
-1107
-1472
-2042
-2780
-3538
-4204
-4669
-4821
-4550
-3913
-3093
-2165
-1208
-295
495
1076
1435
1612
1644
1568
1425
1313
1286
1305
1331
1326
1253
-421
-504
-562
-654
-841
-1184
-1742
-2452
-3188
-3839
-4291
-4432
-4146
-3584
-2834
-1984
-1122
-333
293
849
1183
1338
1358
1287
1168
1012
983
1037
1130
1219
1259
-324
-346
-350
-395
-545
-859
-1399
-2086
-2810
-3453
-3901
-4037
-3746
-3209
-2481
-1660
-844
-131
380
864
1125
1211
1173
1059
917
730
711
813
985
1180
1347
-224
-178
-120
-113
-217
-496
-1011
-1683
-2399
-3040
-3489
-3627
-3335
-2787
-2043
-1214
-407
268
702
1078
1230
1212
1079
886
687
478
480
640
902
1213
1518
-118
1
126
193
140
-95
-579
-1238
-1950
-2593
-3046
-3188
-2899
-2313
-1529
-664
158
822
1205
1448
1467
1320
1068
772
489
267
300
526
887
1323
1774
-7
192
391
525
530
341
-104
-751
-1459
-2104
-2563
-2711
-2425
-1787
-946
-33
822
1488
1834
1932
1804
1515
1131
718
340
111
180
480
946
1513
2116
111
397
676
882
950
816
414
-220
-923
-1568
-2030
-2183
-1900
-1206
-305
660
1551
2223
2537
2486
2209
1777
1259
727
252
21
130
508
1084
1788
2548
