                   00000502.B0l 1
                      g_glb.dat 	   6.93 	   3.79 	   2.57 	   0.57 	   3.64 	   1.57 	   1.50 	   0.57
                      g_dir.dat 	   0.00 	 -50.00 	  16.00
                     g_step.dat 	   3.87 	  59.00 	  49.00 	   8.00 	   1.55 	  17.00 	  21.00 	   8.00
                    max_min.dat	    1.62	    1.64	    1.69	    1.72	    1.83	    1.89	    1.96	    1.99	    1.94	    1.90	    2.00	    2.29	    2.29	    2.29	    2.23	    2.34	    2.30	    2.11	    2.16	    2.16	    2.16	    2.06	    1.84	    1.70	    1.61	    1.60	    1.64	    1.70	    1.76	    1.76	    1.71	    1.63	    1.63	    1.60	    1.58	    1.55	    1.52	    1.50	    1.48	    1.47	    1.46	    1.46	    1.47	    1.48	    1.50	    1.52	    1.55	    1.58	    1.60	    1.62	    1.63	    1.65	    1.66	    1.67	    1.70	    1.69	    1.71	    1.71	    1.71	    1.70	    1.69	    1.69	    1.70	    1.72
                    cor_max.dat 	  0.81 	  0.79 	  0.86 	  0.80 	  0.95 	  0.96 	  0.99 	  0.91  
                     correl.dat	    0.52	    0.53	    0.52	    0.53	    0.56	    0.59	    0.62	    0.64	    0.65	    0.66	    0.67	    0.70	    0.71	    0.72	    0.72	    0.72	    0.73	    0.76	    0.77	    0.79	    0.80	    0.82	    0.86	    0.88	    0.89	    0.90	    0.91	    0.91	    0.91	    0.92	    0.92	    0.92	    0.92	    0.91	    0.91	    0.91	    0.91	    0.90	    0.90	    0.89	    0.89	    0.89	    0.88	    0.88	    0.88	    0.88	    0.88	    0.87	    0.87	    0.87	    0.87	    0.86	    0.86	    0.85	    0.84	    0.84	    0.83	    0.82	    0.82	    0.82	    0.81	    0.81	    0.81	    0.80
               max_minValue.dat	    0.61	    0.57	    0.65	    2.34	    1.63	    1.58	 1365.00	 -842.00	 1333.00	 -815.00	 1411.00	 -833.00	 1489.00	 -864.00	 1557.00	 -852.00	 1557.00	 -825.00	 1531.00	 -781.00	 1490.00	 -749.00	 1462.00	 -755.00	 1450.00	 -765.00	 1453.00	 -727.00	 1463.00	 -639.00	 1529.00	 -667.00	 1653.00	 -723.00	 1733.00	 -778.00	 1897.00	 -812.00	 1994.00	 -867.00	 2038.00	 -964.00	 2199.00	 -1020.00	 2424.00	 -1124.00	 2668.00	 -1233.00	 2943.00	 -1431.00	 3297.00	 -1793.00	 3607.00	 -2120.00	 3942.00	 -2450.00	 4234.00	 -2650.00	 4613.00	 -2807.00	 4995.00	 -2933.00	 5473.00	 -3107.00	 5829.00	 -3308.00	 6059.00	 -3552.00	 6023.00	 -3690.00	 6023.00	 -3690.00	 5954.00	 -3710.00	 5870.00	 -3722.00	 5753.00	 -3710.00	 5548.00	 -3652.00	 5391.00	 -3599.00	 5226.00	 -3528.00	 5045.00	 -3434.00	 4868.00	 -3323.00	 4671.00	 -3194.00	 4384.00	 -2984.00	 4190.00	 -2833.00	 3998.00	 -2674.00	 3807.00	 -2509.00	 3624.00	 -2334.00	 3432.00	 -2173.00	 3149.00	 -1968.00	 2967.00	 -1830.00	 2784.00	 -1708.00	 2610.00	 -1586.00	 2435.00	 -1470.00	 2266.00	 -1355.00	 2053.00	 -1210.00	 1913.00	 -1130.00	 1777.00	 -1039.00	 1651.00	 -968.00	 1526.00	 -895.00	 1410.00	 -831.00	 1249.00	 -739.00	 1154.00	 -684.00	 1062.00	 -625.00	  989.00	 -576.00
                    cor_cor.dat 	  0.85 	  0.85 	  0.82 	  0.87 	  0.98 	  0.99 	  0.98 	  0.95  
                  direction.dat	   -0.79	   -0.77	   -0.75	   -0.73	   -0.68	   -0.68	   -0.66	   -0.67	   -0.69	   -0.71	   -0.71	   -0.67	   -0.65	   -0.63	   -0.61	   -0.61	   -0.20	   -0.20	   -0.22	   -0.23	   -0.23	   -0.20	   -0.15	   -0.15	   -0.14	   -0.14	   -0.15	   -0.14	   -0.14	   -0.14	   -0.14	   -0.15	   -0.15	   -0.15	   -0.15	   -0.15	   -0.15	   -0.15	   -0.13	   -0.12	   -0.12	   -0.12	   -0.12	   -0.12	   -0.12	   -0.10	   -0.10	   -0.10	   -0.10	   -0.09	   -0.09	   -0.07	   -0.05	   -0.05	   -0.05	   -0.05	   -0.05	   -0.05	   -0.04	   -0.03	   -0.03	   -0.03	   -0.03	   -0.04
                    cor_dir.dat 	  0.52 	  0.61 	  0.47 	  0.46 	  0.39 	  0.70 	  0.80 	 -0.21  
                 StepPoints.dat 	 0.14 	 0.53 	 0.56 	 0.55 	 0.52 	 0.56 	 0.55 	 0.55 	 0.64 	 0.61 	 0.58 	 0.56 	 0.53 	 0.55 	 0.56 	 0.58 	 0.55
                 PointsComp.dat 	 0.13
                dir_changes.dat	    0.00	    0.02	    0.02	    0.02	    0.05	    0.00	    0.02	   -0.01	   -0.02	   -0.02	    0.00	    0.04	    0.02	    0.02	    0.02	    0.00	    0.41	    0.00	   -0.01	   -0.02	    0.00	    0.03	    0.05	    0.00	    0.01	    0.00	   -0.01	    0.01	    0.01	   -0.01	    0.00	   -0.01	    0.00	    0.00	    0.00	    0.00	    0.00	    0.00	    0.02	    0.02	    0.00	    0.00	    0.00	    0.00	    0.00	    0.02	    0.00	    0.00	    0.00	    0.01	    0.00	    0.02	    0.02	    0.00	    0.00	    0.00	    0.00	    0.00	    0.01	    0.01	    0.00	    0.00	    0.00	   -0.01
            cor_dir_changes.dat 	  0.27 	  0.25 	  0.62 	 -0.00 	 -0.04 	 -0.45 	 -0.15 	 -0.03  
