C:\mcg1204\averaged\00000301.000\00000301.R0l 
20 30
64 730
1289
1109
954
848
812
870
1046
1309
1601
1895
2165
2385
2530
2597
2613
2590
2543
2486
2433
2410
2431
2490
2580
2692
2822
2949
3064
3175
3289
3412
3552
-888
-708
-510
-270
34
426
931
1326
1743
2155
2535
2856
3093
3260
3364
3423
3453
3471
3496
3493
3525
3584
3660
3746
3832
3888
3910
3908
3888
3861
3835
-2867
-2368
-1858
-1314
-710
-24
767
1286
1820
2341
2822
3236
3556
3812
3994
4123
4219
4303
4394
4416
4464
4526
4594
4657
4704
4704
4649
4547
4410
4247
4069
-4540
-3792
-3040
-2260
-1427
-518
491
1130
1777
2403
2982
3485
3884
4219
4469
4658
4810
4949
5098
5155
5228
5306
5375
5426
5445
5404
5286
5101
4861
4578
4264
-5801
-4902
-4006
-3088
-2123
-1088
42
801
1561
2295
2972
3565
4044
4448
4756
4997
5196
5380
5577
5686
5801
5910
5998
6052
6059
5994
5828
5575
5249
4862
4428
-6545
-5621
-4706
-3776
-2805
-1769
-643
241
1121
1966
2748
3436
4001
4465
4824
5107
5344
5566
5801
5984
6164
6326
6455
6536
6554
6480
6283
5979
5581
5106
4568
-6666
-5869
-5090
-4301
-3478
-2596
-1630
-608
401
1369
2265
3059
3722
4238
4639
4957
5224
5475
5742
6027
6299
6543
6741
6877
6934
6868
6657
6317
5866
5320
4695
-6313
-5935
-5533
-5063
-4482
-3745
-2809
-1706
-576
533
1577
2509
3282
3866
4301
4635
4915
5189
5507
5847
6200
6541
6846
7091
7252
7218
7003
6633
6130
5520
4825
-5773
-5849
-5859
-5742
-5437
-4880
-4010
-2833
-1590
-345
840
1903
2781
3429
3895
4241
4530
4826
5191
5589
6025
6466
6881
7239
7507
7512
7303
6910
6365
5699
4945
-5140
-5682
-6118
-6368
-6351
-5988
-5197
-3959
-2617
-1249
64
1245
2213
2915
3400
3747
4034
4339
4740
5195
5713
6252
6776
7244
7618
7678
7488
7087
6514
5808
5007
-4508
-5508
-6362
-6970
-7234
-7055
-6334
-5056
-3634
-2164
-742
535
1575
2310
2795
3124
3389
3684
4101
4607
5200
5833
6460
7033
7507
7642
7491
7102
6521
5794
4968
-3972
-5400
-6640
-7577
-8091
-8067
-7387
-6094
-4619
-3074
-1571
-221
863
1602
2059
2342
2557
2814
3219
3767
4426
5142
5861
6530
7094
7329
7244
6893
6329
5607
4781
-3625
-5429
-7005
-8218
-8932
-9011
-8321
-7046
-5551
-3964
-2412
-1024
72
780
1173
1373
1503
1685
2043
2617
3328
4112
4911
5660
6301
6667
6679
6397
5883
5197
4403
-3519
-5453
-7165
-8521
-9384
-9621
-9097
-7808
-6300
-4705
-3155
-1783
-722
-120
168
270
310
411
699
1278
2011
2837
3694
4519
5249
5673
5753
5552
5131
4554
3882
-3608
-5610
-7395
-8831
-9782
-10115
-9694
-8408
-6904
-5318
-3787
-2449
-1438
-950
-771
-774
-833
-819
-607
-39
701
1554
2455
3340
4146
4629
4780
4662
4337
3870
3323
-3841
-5853
-7656
-9116
-10098
-10470
-10098
-8834
-7352
-5795
-4302
-3016
-2076
-1700
-1629
-1735
-1888
-1960
-1821
-1282
-549
313
1241
2170
3035
3579
3802
3768
3540
3184
2764
-4163
-6137
-7907
-9341
-10305
-10667
-10293
-9072
-7635
-6127
-4694
-3482
-2634
-2358
-2384
-2581
-2818
-2964
-2888
-2395
-1689
-834
101
1055
1960
2565
2860
2910
2780
2536
2243
-4522
-6414
-8109
-9474
-10376
-10684
-10265
-9110
-7741
-6307
-4958
-3842
-3110
-2914
-3016
-3284
-3585
-3785
-3751
-3325
-2666
-1841
-916
41
966
1631
1997
2130
2096
1962
1795
-4866
-6639
-8221
-9480
-10283
-10501
-10000
-8937
-7662
-6327
-5086
-4093
-3503
-3357
-3506
-3816
-4151
-4375
-4355
-4017
-3428
-2655
-1764
-824
97
820
1254
1468
1528
1502
1459
-5097
-6691
-8107
-9225
-9926
-10089
-9593
-8654
-7519
-6327
-5217
-4330
-3806
-3692
-3845
-4143
-4465
-4687
-4688
-4376
-3832
-3118
-2295
-1424
-566
176
661
952
1107
1189
1259
-5174
-6608
-7879
-8878
-9496
-9625
-9156
-8330
-7324
-6265
-5276
-4485
-4016
-3913
-4048
-4313
-4599
-4797
-4800
-4508
-4007
-3349
-2591
-1785
-986
-244
272
619
850
1020
1183
-5121
-6414
-7557
-8455
-9008
-9121
-8695
-7971
-7084
-6145
-5266
-4558
-4134
-4024
-4124
-4339
-4573
-4730
-4716
-4441
-3978
-3372
-2674
-1929
-1186
-464
65
450
738
976
1213
-4965
-6131
-7162
-7972
-8476
-8587
-8220
-7584
-6803
-5972
-5189
-4553
-4160
-4031
-4084
-4236
-4405
-4509
-4466
-4202
-3771
-3213
-2569
-1879
-1187
-503
19
423
749
1038
1330
-4733
-5784
-6713
-7447
-7912
-8033
-7735
-7175
-6485
-5749
-5049
-4470
-4095
-3940
-3937
-4018
-4114
-4156
-4076
-3818
-3413
-2895
-2299
-1660
-1011
-384
114
519
865
1185
1515
-4452
-5394
-6230
-6897
-7331
-7469
-7250
-6750
-6137
-5480
-4849
-4312
-3941
-3754
-3692
-3699
-3719
-3696
-3576
-3315
-2929
-2445
-1890
-1293
-681
-127
329
717
1065
1400
1751
-4190
-5085
-5876
-6502
-6902
-7016
-6782
-6321
-5750
-5135
-4544
-4043
-3698
-3469
-3362
-3322
-3293
-3217
-3038
-2769
-2384
-1911
-1380
-819
-255
300
745
1108
1417
1700
1986
-3984
-4826
-5568
-6149
-6511
-6595
-6343
-5901
-5352
-4760
-4190
-3705
-3369
-3110
-2974
-2903
-2839
-2724
-2502
-2212
-1816
-1345
-827
-290
237
780
1198
1520
1774
1990
2196
-3807
-4596
-5286
-5820
-6143
-6196
-5924
-5483
-4939
-4352
-3785
-3298
-2951
-2675
-2519
-2426
-2337
-2194
-1939
-1617
-1202
-721
-205
317
817
1332
1707
1973
2157
2290
2400
-3632
-4369
-5010
-5500
-5784
-5809
-5519
-5062
-4505
-3907
-3325
-2819
-2446
-2156
-1986
-1877
-1769
-1603
-1320
-959
-514
-15
507
1025
1508
1978
2294
2487
2585
2619
2617
-3434
-4124
-4721
-5171
-5423
-5423
-5120
-4631
-4046
-3420
-2808
-2267
-1851
-1549
-1366
-1242
-1116
-928
-618
-209
273
799
1337
1858
2331
2739
2980
3083
3078
2995
2865
-3187
-3837
-4397
-4816
-5043
-5028
-4720
-4184
-3555
-2887
-2231
-1640
-1167
-849
-649
-506
-359
-146
194
659
1186
1746
2306
2837
3309
3638
3785
3781
3655
3439
3163
