                   00000301.B0l 1
                      g_glb.dat 	   3.14 	   1.57 	   0.86 	   0.64 	   4.00 	   1.14 	   1.36 	   1.50
                      g_dir.dat 	   0.00 	 -40.00 	  25.00
                     g_step.dat 	   1.58 	  27.00 	  10.00 	  10.00 	   1.75 	  12.00 	  19.00 	  21.00
                    max_min.dat	    1.96	    2.07	    1.94	    1.86	    1.76	    1.52	    1.43	    1.43	    1.48	    1.48	    1.41	    1.31	    1.17	    1.09	    1.03	    1.01	    1.03	    1.07	    1.11	    1.13	    1.11	    1.12	    1.13	    1.14	    1.13	    1.11	    1.09	    1.06	    1.04	    1.05	    1.06	    1.06	    1.06	    1.06	    1.07	    1.07	    1.07	    1.07	    1.08	    1.08	    1.08	    1.09	    1.09	    1.10	    1.10	    1.10	    1.10	    1.11	    1.10	    1.04	    0.98	    0.89	    0.84	    0.80	    0.79	    0.78	    0.75	    0.74	    0.72	    0.70	    0.69	    0.69	    0.69	    0.69
                    cor_max.dat 	  0.88 	  0.86 	  0.89 	  0.93 	  0.81 	  0.86 	  0.82 	  0.72  
                     correl.dat	    0.54	    0.58	    0.59	    0.60	    0.61	    0.61	    0.62	    0.64	    0.65	    0.66	    0.67	    0.68	    0.68	    0.68	    0.68	    0.70	    0.72	    0.74	    0.76	    0.78	    0.79	    0.80	    0.80	    0.81	    0.82	    0.84	    0.85	    0.86	    0.87	    0.88	    0.88	    0.89	    0.89	    0.89	    0.89	    0.89	    0.90	    0.90	    0.90	    0.90	    0.90	    0.89	    0.88	    0.87	    0.86	    0.85	    0.84	    0.82	    0.80	    0.78	    0.77	    0.75	    0.73	    0.72	    0.70	    0.69	    0.68	    0.67	    0.66	    0.66	    0.65	    0.65	    0.64	    0.64
               max_minValue.dat	    0.83	    0.92	    0.77	    1.01	    1.06	    1.11	  402.00	 -205.00	  421.00	 -203.00	  433.00	 -223.00	  435.00	 -234.00	  424.00	 -241.00	  419.00	 -276.00	  431.00	 -301.00	  466.00	 -325.00	  515.00	 -349.00	  562.00	 -380.00	  597.00	 -422.00	  623.00	 -476.00	  658.00	 -560.00	  692.00	 -635.00	  725.00	 -704.00	  767.00	 -756.00	  829.00	 -802.00	  910.00	 -851.00	 1008.00	 -909.00	 1121.00	 -991.00	 1268.00	 -1138.00	 1420.00	 -1269.00	 1592.00	 -1412.00	 1779.00	 -1567.00	 1962.00	 -1729.00	 2115.00	 -1898.00	 2252.00	 -2069.00	 2376.00	 -2236.00	 2504.00	 -2418.00	 2667.00	 -2545.00	 2791.00	 -2635.00	 2830.00	 -2659.00	 2830.00	 -2659.00	 2822.00	 -2650.00	 2793.00	 -2620.00	 2762.00	 -2584.00	 2718.00	 -2541.00	 2635.00	 -2455.00	 2565.00	 -2386.00	 2485.00	 -2308.00	 2353.00	 -2177.00	 2257.00	 -2076.00	 2102.00	 -1924.00	 1992.00	 -1818.00	 1878.00	 -1709.00	 1708.00	 -1549.00	 1592.00	 -1443.00	 1477.00	 -1335.00	 1315.00	 -1191.00	 1205.00	 -1162.00	 1104.00	 -1127.00	  958.00	 -1071.00	  868.00	 -1032.00	  791.00	 -991.00	  723.00	 -920.00	  674.00	 -868.00	  599.00	 -795.00	  550.00	 -742.00	  499.00	 -692.00	  431.00	 -618.00	  394.00	 -568.00	  361.00	 -521.00	  314.00	 -454.00	  285.00	 -411.00
                    cor_cor.dat 	  0.87 	  0.89 	  0.85 	  0.87 	  0.96 	  0.99 	  0.95 	  0.92  
                  direction.dat	   -0.64	   -0.66	   -0.63	   -0.67	   -0.50	   -0.50	   -0.46	   -0.46	   -0.40	   -0.36	   -0.36	   -0.36	   -0.39	   -0.42	   -0.42	   -0.42	   -0.37	   -0.37	   -0.33	   -0.33	   -0.30	   -0.30	   -0.30	   -0.30	   -0.27	   -0.25	   -0.25	   -0.20	   -0.18	   -0.18	   -0.18	   -0.18	   -0.18	   -0.18	   -0.16	   -0.16	   -0.16	   -0.15	   -0.16	   -0.13	   -0.13	   -0.13	   -0.11	   -0.11	   -0.11	   -0.11	   -0.09	   -0.09	   -0.18	   -0.16	   -0.16	   -0.14	   -0.12	   -0.09	   -0.09	   -0.09	   -0.08	   -0.08	   -0.08	   -0.06	   -0.09	   -0.12	   -0.10	   -0.10
                    cor_dir.dat 	  0.60 	  0.67 	  0.52 	  0.59 	  0.29 	  0.65 	  0.67 	 -0.42  
                 StepPoints.dat 	 0.17 	 0.33 	 0.47 	 0.47 	 0.48 	 0.44 	 0.47 	 0.47 	 0.52 	 0.52 	 0.56 	 0.47 	 0.56 	 0.58 	 0.52 	 0.50 	 0.48
                 PointsComp.dat 	 0.14
                dir_changes.dat	    0.00	   -0.02	    0.03	   -0.04	    0.17	    0.00	    0.04	    0.00	    0.06	    0.04	    0.00	    0.00	   -0.02	   -0.04	    0.00	    0.00	    0.05	    0.00	    0.04	    0.00	    0.04	    0.00	    0.00	    0.00	    0.02	    0.02	    0.00	    0.05	    0.02	    0.00	    0.00	    0.00	    0.00	    0.00	    0.02	    0.00	    0.00	    0.01	   -0.01	    0.03	    0.00	    0.00	    0.02	    0.00	    0.00	    0.00	    0.02	    0.00	   -0.08	    0.02	   -0.00	    0.02	    0.02	    0.02	    0.00	    0.00	    0.02	    0.00	    0.00	    0.02	   -0.02	   -0.03	    0.01	    0.00
            cor_dir_changes.dat 	 -0.15 	 -0.24 	  0.25 	  0.00 	 -0.23 	  0.19 	  0.18 	 -0.24  
