1152
X flatten:
10.01 11.58 9.16 
9.05 10.26 6.39 
8.02 9.56 6.87 
12.15 12.4 5.76 
10.48 12.19 5.26 
10.17 12.11 4.71 
9.5 10.85 6.21 
6.27 10.96 5.32 
12.16 10.27 7.31 
11.41 10.46 8.7 
11.4 11.06 9.28 
12.28 10.46 7.03 
11.7 10.24 5.91 
14.52 10.85 6.52 
12.14 10.6 6.41 
11.4 10.67 6.71 
13.74 10.51 6.69 
14.04 10.46 6.67 
12.05 10.45 7.03 
12.48 10.36 7.13 
11.99 10.4 5.55 
11.6 10.31 7.65 
11.52 10.48 6.21 
6.17 10.31 6.5 
8.9 10.26 7.48 
6.99 10.26 7.75 
7.34 10.21 7.74 
9.26 10.12 7.86 
9.6 10.31 7.95 
10.03 10.26 8.02 
9.99 10.26 8.23 
10.16 10.08 8.53 
10.16 10.08 8.53 
10.22 10.23 8.59 
11.62 9.97 8.84 
10.18 10.06 9.01 
10.57 10.01 9.09 
10.5 9.81 9.23 
10.44 9.77 9.28 
10.5 9.89 9.36 
10.65 9.7 9.41 
10.95 9.82 9.41 
11.3 9.75 9.42 
11.34 9.68 9.44 
12.02 9.59 9.5 
12.14 9.5 9.41 
12.74 9.34 9.23 
12.32 9.27 9.5 
12.12 8.21 9.35 
12.38 8.35 9.7 
12.57 8.74 9.54 
12.77 8.3 9.76 
13.15 8.64 9.81 
12.54 9.13 9.75 
12.39 8.51 9.73 
12.14 6.37 9.72 
12.35 8.68 10.45 
12.44 8.4 9.35 
11.49 8.15 9.06 
11.84 8.48 9.63 
13.67 5.76 8.39 
13.94 7.36 9.07 
14.68 6.16 8.52 
14.45 6.55 8.27 
10.62 14.25 11.1 
12.95 14.95 15.13 
12.65 14.1 12.82 
9.02 12.85 14.88 
9.13 12.53 14.78 
10.04 12.42 15.08 
10.39 12.4 13.98 
12.84 12.6 13.15 
19.19 12.95 13.01 
19.38 13.2 12.56 
19.58 12.61 12.53 
19.7 12.95 14.23 
19.21 12.79 14.64 
17.59 12.45 14.35 
16.74 12.38 14.43 
16.88 12.28 14.3 
15.09 12.42 14.47 
16.65 12.57 14.83 
16.26 12.43 14.49 
12.25 12.33 14.51 
12.02 12.24 14.04 
12.86 12.22 14.61 
12.25 12.16 13.89 
10.76 12.23 13.88 
7.2 12.1 14.41 
10.01 11.98 14.27 
10.33 12.12 14.1 
10.18 11.99 14.13 
10.52 12.06 14.19 
10.6 12.07 14.11 
10.33 11.98 13.89 
10.35 11.95 13.77 
10.35 11.95 13.77 
10.42 11.91 13.74 
11.89 11.91 13.58 
10.47 11.89 13.48 
10.56 11.91 13.48 
10.55 11.87 13.35 
10.51 11.81 13.38 
10.57 12.2 13.38 
10.66 12.16 13.41 
11.17 12.07 13.43 
11.25 11.96 13.4 
11.39 11.79 13.48 
11.78 11.58 13.44 
11.71 11.35 13.53 
12.05 11.09 13.63 
12.66 10.94 13.59 
12.38 10.84 13.69 
12.54 10.9 13.52 
12.78 10.32 13.76 
12.8 9.58 13.66 
12.81 9.66 13.75 
15.27 10.43 13.85 
15.25 9.74 14.01 
15.15 6.91 14 
14.85 9.97 14.82 
14.7 9.07 14.24 
16.16 9.65 14.29 
14.63 9.17 15.99 
15.3 7.44 15.23 
14.84 6.48 15.77 
13.68 4.64 16.84 
14.79 4.17 15.11 
12.79 8.15 10.1 
10.03 9.9 9.52 
9.3 9.89 8.19 
7.55 9.98 8.89 
8.64 9.22 9.11 
8.35 9.28 9.72 
6.8 9.1 9.64 
6.76 9.04 8.94 
9.57 9.45 9.85 
7.74 9.66 10.61 
19.47 9.79 11.3 
10.08 9.81 9.48 
8.55 9.49 10.24 
12.62 9.36 10.32 
10.82 9.11 10.34 
11.23 9.03 10.09 
11.83 9.05 9.88 
12.73 9.28 11.06 
11.05 9.29 9.79 
11.98 9.23 9.78 
12.2 9.39 11.89 
12.39 9.49 9.67 
12.29 9.56 11.46 
10.18 9.58 11.13 
13.88 9.57 10.7 
10.25 9.5 11.35 
10.52 9.9 11.17 
12.86 9.87 11.24 
14 9.74 11.26 
14.14 9.82 11.91 
14.26 9.88 12.14 
14.95 10 12.38 
14.95 10 12.38 
15.03 10.14 12.37 
13.63 10.15 12.25 
15.18 10.09 12.14 
15.14 10.25 12.19 
15.2 10.46 12.06 
15.34 10.91 11.97 
15.54 11.44 11.91 
15.34 11.68 11.9 
15.27 11.96 11.85 
14.75 12.05 11.76 
14.93 12.17 11.57 
15.18 12.27 11.41 
15.23 12.13 11.4 
16.42 12.31 10.78 
16.45 12.35 11.15 
15.51 12.58 10.46 
15.9 12.82 10.77 
16 12.74 9.99 
16.32 13.13 10.66 
16.71 12.64 10.53 
16.07 12.66 10.33 
15.32 12.84 10.24 
14.58 13.8 10.15 
13.7 13.08 11.67 
15.11 13.25 9.22 
14.05 13.09 9.3 
13.16 13.47 11.42 
16.76 12.61 10.85 
14.77 12.5 9.68 
14.74 16.38 8.98 
15.35 16.62 7.92 
8.11 7.61 6.92 
11.37 8.84 8.19 
10.56 8.67 7.83 
10.56 8.55 7.4 
10.13 7.39 7.74 
10.83 7.88 6.92 
10.3 8.48 7.67 
10.91 9.88 7.2 
11.43 9.78 7.17 
11.51 10.7 7.12 
10.68 10.09 7.11 
10.61 9.04 8.03 
10.84 9.75 7.47 
10.98 9.9 8.01 
10.79 10.14 8.01 
10.71 10.16 8.18 
10.87 10.28 7.72 
11.34 10.74 8.37 
11.36 10.76 8.52 
11.32 11.06 8.74 
11.05 11.46 8.77 
10.78 10.64 8.93 
10.42 10.5 8.98 
10.19 10.44 9.06 
10.16 10.98 9.12 
10.3 10.25 9.15 
10.35 10.11 9.19 
10.54 10.14 9.22 
10.56 10.19 9.25 
10.51 10.22 9.26 
10.32 10.2 9.24 
10.29 10.19 9.21 
10.29 10.19 9.21 
10.3 10.19 9.21 
10.41 10.09 9.19 
10.5 10.07 9.17 
10.43 9.99 9.15 
10.43 9.88 9.11 
10.39 9.76 9.13 
10.49 9.72 9.14 
10.5 9.68 9.15 
10.52 9.63 9.14 
10.47 9.63 9.02 
10.4 9.6 8.94 
10.51 9.58 8.95 
10.53 9.59 8.9 
10.42 9.56 8.82 
10.34 9.53 8.76 
10.37 9.49 8.27 
10.44 9.46 8.27 
10.45 9.45 8.25 
10.27 9.49 8.11 
10.27 9.49 8.1 
10.15 9.58 7.64 
10.25 9.59 7.46 
10.09 9.62 7.37 
10.14 9.68 7.35 
10.18 9.49 7.07 
10.08 9.32 7.93 
10.11 9.29 7.43 
10.11 9.05 7.33 
10.06 9.14 7.29 
9.86 9.07 6.83 
9.67 8.94 6.54 
16.26 16.14 11.93 
13.01 14.68 9.6 
14.06 14.49 9.43 
14.18 14.3 9.81 
14.04 15.5 8.77 
13.08 15.82 9.47 
13.02 15.68 8.58 
11.86 15.44 9.44 
11.13 15.68 9.53 
11.35 13.86 9.4 
12 13.47 9.42 
12.02 13.14 8.76 
12.21 13.57 8.93 
12.21 13.23 8.87 
12.22 13.1 9.03 
12.21 13.11 9.28 
12.07 13.07 8.91 
11.73 13.01 9.72 
11.75 12.83 9.84 
11.76 12.66 10.01 
12.01 12.58 10.11 
12.1 12.17 10.18 
12.05 11.52 10.2 
12.24 11.54 10.16 
12.2 12.03 10.15 
12.27 11.89 10.15 
12.28 12.08 10.08 
12.25 12.12 10.06 
12.27 12.05 10.02 
12.25 12.05 9.96 
12.2 12.11 9.87 
12.15 12.29 9.77 
12.15 12.29 9.77 
12.08 12.26 9.72 
11.84 12.28 9.68 
11.73 12.29 9.61 
11.73 12.3 9.58 
11.74 12.27 9.53 
11.68 12.36 9.52 
11.64 12.35 9.38 
11.55 12.41 9.33 
11.53 12.46 9.3 
11.41 12.53 9.18 
11.4 12.57 9.12 
11.26 12.63 9.07 
11.13 12.67 8.95 
10.98 12.71 8.89 
10.97 12.78 8.84 
10.79 12.83 8.4 
10.77 12.89 8.46 
10.58 12.91 8.41 
10.46 12.81 8.11 
10.33 12.79 8.07 
10.31 12.77 8.04 
10.23 12.59 7.89 
10.16 12.66 7.93 
10.11 12.59 7.9 
10.09 12.73 7.59 
10.16 12.56 7.92 
10.15 12.54 7.67 
10.24 12.98 7.66 
10.78 13.08 7.62 
11.14 13.18 7 
11.65 13.37 7.23 
11.67 10.74 9.92 
9.68 10.19 9.66 
9.29 10.57 10.42 
11.43 11.27 10.29 
10.99 11.57 9.27 
10.13 12.05 9.24 
10.28 11.65 8.91 
9.91 11.44 9.09 
9.84 13.43 9.06 
9.96 12.63 9.69 
10.77 12.09 10.05 
10.73 12.12 10.29 
10.9 12.67 10.93 
10.74 12.4 10.6 
10.52 12.76 10.78 
10.38 13.05 10.82 
10.43 13.19 11.05 
10.63 12.97 10.78 
10.56 12.91 10.7 
10.72 13.12 10.81 
10.86 13.07 10.72 
11 13.21 10.66 
11.11 13.58 10.62 
11.4 13.63 10.56 
11.53 13.59 10.52 
11.52 13.81 10.43 
11.53 13.69 10.45 
11.4 13.61 10.48 
11.5 13.43 10.44 
11.72 13.2 10.41 
11.72 13.09 10.39 
11.84 13.07 10.29 
11.84 13.07 10.29 
11.78 13.16 10.26 
11.81 13.32 10.28 
11.69 13.44 10.22 
11.63 13.5 10.27 
11.68 13.46 10.24 
11.68 13.42 10.15 
11.62 13.46 10.11 
11.61 13.4 10.12 
11.62 13.27 10.09 
11.68 13.11 10.1 
11.59 13.05 10.19 
11.61 12.95 10.16 
11.63 12.78 10.26 
11.63 12.55 10.25 
11.61 12.52 10.35 
11.49 12.45 10.31 
11.46 12.35 10.28 
11.46 12.4 10.34 
11.41 12.39 10.35 
11.33 12.53 10.45 
11.27 12.55 10.74 
11.1 12.58 10.67 
10.93 12.68 10.69 
10.94 12.64 10.66 
10.8 12.33 10.65 
10.73 12.04 10.11 
10.76 11.96 10.52 
10.84 11.55 10.43 
11.07 11.65 10.43 
11.2 11.74 10.49 
11.27 11.71 9.85 
A = U S V^T
U
-0.0469155 -0.0349212 -0.0236205 
-0.0394524 -0.053765 0.0179145 
-0.0373682 -0.0402803 -0.0111046 
-0.0469138 -0.0836317 0.0886673 
-0.0431742 -0.0984722 0.0620364 
-0.0417784 -0.106787 0.0665294 
-0.0408421 -0.0650248 0.0283645 
-0.0345115 -0.103156 -0.0276554 
-0.0458143 -0.0185274 0.069919 
-0.0468271 -0.00839734 0.0238339 
-0.0485447 -0.0125699 0.0084919 
-0.0459113 -0.0254398 0.0771874 
-0.0430646 -0.0408366 0.087828 
-0.0494456 -0.0242518 0.136048 
-0.0450333 -0.037977 0.0856851 
-0.0443555 -0.040577 0.0624524 
-0.0478898 -0.0206155 0.116876 
-0.0482732 -0.0177001 0.124374 
-0.0455215 -0.0269057 0.0720252 
-0.0462224 -0.0205541 0.0802873 
-0.0432803 -0.0470233 0.100737 
-0.0454392 -0.0186509 0.0501383 
-0.0435601 -0.042832 0.0763285 
-0.0349955 -0.0741483 -0.0499442 
-0.0407303 -0.0396086 -0.00742664 
-0.0379985 -0.0496958 -0.0562056 
-0.0384772 -0.0462776 -0.0477747 
-0.0416312 -0.0288313 -0.0061015 
-0.0426029 -0.0289718 -0.00128696 
-0.0433235 -0.023854 0.0073494 
-0.0435516 -0.0212072 0.00221525 
-0.04397 -0.0121137 0.00106811 
-0.04397 -0.0121137 0.00106811 
-0.0443824 -0.013892 0.000361652 
-0.0466098 0.00505821 0.0285931 
-0.044642 -0.00484802 -0.00802363 
-0.0453115 0.000119342 -0.000496285 
-0.045085 0.00564004 -0.00375507 
-0.0449956 0.00671799 -0.00589351 
-0.0453898 0.00582999 -0.00683037 
-0.0454111 0.0114852 -0.00334258 
-0.0460842 0.0112203 0.00277712 
-0.04656 0.0153254 0.0109203 
-0.0465453 0.0173202 0.0118271 
-0.0475972 0.0249269 0.0265676 
-0.0475283 0.0263709 0.0316185 
-0.0480071 0.031465 0.0497753 
-0.0475927 0.0336175 0.0352115 
-0.0454254 0.0516425 0.0397727 
-0.0465529 0.0555755 0.0378259 
-0.0472393 0.0467789 0.0431205 
-0.0471945 0.0602631 0.0457558 
-0.0484063 0.0568004 0.0514226 
-0.0480843 0.0415604 0.0359759 
-0.0468575 0.0528111 0.0365312 
-0.0431411 0.094413 0.043336 
-0.0480595 0.0591308 0.0201577 
-0.0462388 0.0500981 0.0459447 
-0.0439027 0.0442349 0.0316564 
-0.0457764 0.0480309 0.0262343 
-0.0428348 0.0993321 0.108324 
-0.0466877 0.0782371 0.0915869 
-0.0452762 0.10034 0.126334 
-0.0451534 0.0872361 0.123908 
-0.0547289 -0.0577038 -0.0641387 
-0.0652264 0.00132596 -0.0963848 
-0.0602037 -0.0158596 -0.0518262 
-0.0552469 0.0120461 -0.168492 
-0.0547935 0.017959 -0.162148 
-0.0565241 0.0309989 -0.146903 
-0.0555271 0.0185614 -0.116707 
-0.0586638 0.0206651 -0.0455505 
-0.0693426 0.0576742 0.0993645 
-0.0694085 0.047671 0.111299 
-0.0687836 0.0607117 0.119826 
-0.0718762 0.0784393 0.0863849 
-0.0714048 0.0838737 0.0679313 
-0.0678395 0.0749792 0.0389545 
-0.06646 0.0713532 0.0184563 
-0.0663523 0.0725865 0.0248235 
-0.0638918 0.0591222 -0.0200229 
-0.0671646 0.0724273 0.00727356 
-0.0658395 0.0676907 0.00606891 
-0.0591867 0.0408996 -0.0847618 
-0.0580175 0.0344884 -0.080006 
-0.0601498 0.0489647 -0.0723002 
-0.0580592 0.0356881 -0.0713086 
-0.0557278 0.0233085 -0.105323 
-0.0504734 0.0075273 -0.196033 
-0.0546667 0.0284077 -0.128758 
-0.0551658 0.0255033 -0.118878 
-0.0547633 0.02748 -0.12214 
-0.0555083 0.0293623 -0.116033 
-0.0555422 0.0286206 -0.112665 
-0.0546569 0.0254156 -0.113848 
-0.0544757 0.024493 -0.110807 
-0.0544757 0.024493 -0.110807 
-0.0544862 0.0253956 -0.108385 
-0.0566554 0.0338277 -0.0718052 
-0.0541737 0.0225292 -0.101903 
-0.054351 0.0227754 -0.0999753 
-0.0540916 0.0216987 -0.0973564 
-0.053976 0.0230491 -0.0985237 
-0.0546742 0.0155468 -0.0993995 
-0.054801 0.0174338 -0.0977313 
-0.0555204 0.0232471 -0.0860437 
-0.0554394 0.0256471 -0.0829934 
-0.0555171 0.0312422 -0.080451 
-0.0557727 0.0377878 -0.0695907 
-0.0554302 0.0432198 -0.0716711 
-0.0557228 0.0523782 -0.0644762 
-0.0564288 0.0592993 -0.0489675 
-0.0559587 0.060701 -0.0567606 
-0.0560742 0.0582634 -0.0500524 
-0.0559068 0.0751672 -0.0461087 
-0.0546601 0.0889753 -0.039397 
-0.0549252 0.0886783 -0.0414403 
-0.0602546 0.0922605 0.00795636 
-0.0593829 0.108397 0.00824082 
-0.0548481 0.165132 0.0224081 
-0.060217 0.112141 -0.018458 
-0.0577771 0.121259 -0.00502594 
-0.0611164 0.12075 0.0237732 
-0.0602607 0.143191 -0.0424082 
-0.0576259 0.172636 -0.00198303 
-0.0561528 0.196389 -0.0177826 
-0.0529253 0.240385 -0.055086 
-0.0515926 0.233812 0.00761789 
-0.0474708 0.0682166 0.0402275 
-0.0448636 0.00445282 -0.0207739 
-0.0418029 -0.0192441 -0.0105158 
-0.0400706 -0.0239877 -0.0648341 
-0.0409815 0.00246958 -0.0401656 
-0.0414537 0.00767512 -0.0593677 
-0.038542 -0.00103068 -0.0919003 
-0.0374071 -0.00989027 -0.0783758 
-0.0438827 0.0148885 -0.0352729 
-0.0422888 0.00796106 -0.0933028 
-0.0625444 0.100107 0.158262 
-0.0447505 0.0060881 -0.0183179 
-0.0428287 0.0121255 -0.0664991 
-0.0493646 0.045432 0.0250002 
-0.0460778 0.037735 -0.0148168 
-0.0462729 0.0388426 -2.19858e-05 
-0.046987 0.0398535 0.0177059 
-0.0504537 0.0582087 0.0130625 
-0.0459614 0.0280483 0.000439266 
-0.0473687 0.03588 0.0220899 
-0.0509194 0.0637315 -0.0163006 
-0.0482828 0.0320255 0.0321166 
-0.0507273 0.0549105 -0.00657942 
-0.046863 0.0345727 -0.0479365 
-0.0522694 0.0556182 0.0447418 
-0.047161 0.0397861 -0.0503166 
-0.0479651 0.0310869 -0.0428614 
-0.0518252 0.0496613 0.00900524 
-0.0535084 0.0608615 0.0352194 
-0.0547671 0.0693405 0.0248558 
-0.055376 0.0722072 0.022606 
-0.057019 0.0781298 0.032746 
-0.057019 0.0781298 0.032746 
-0.0573508 0.0757211 0.0339596 
-0.05492 0.0636775 0.00454611 
-0.0571968 0.0746107 0.0422795 
-0.0574479 0.0717631 0.0394475 
-0.0576874 0.0661062 0.0422207 
-0.0584826 0.0567045 0.0446276 
-0.0595405 0.0465297 0.0473333 
-0.0595706 0.0400533 0.041619 
-0.0598181 0.033147 0.0394304 
-0.0589846 0.026282 0.0289246 
-0.0591971 0.0224887 0.036145 
-0.0595346 0.0200301 0.0444648 
-0.0593864 0.0231027 0.0466039 
-0.0607347 0.019405 0.0850548 
-0.0613618 0.0239836 0.0780596 
-0.0592226 0.0028288 0.0692948 
-0.0606598 0.00511052 0.0705295 
-0.0596102 -0.00344473 0.0889559 
-0.0616672 0.000310976 0.0804963 
-0.0613658 0.0112967 0.0947742 
-0.0600757 0.003447 0.0841607 
-0.0590065 -0.0069192 0.067919 
-0.0591548 -0.0330885 0.0474295 
-0.0587361 -0.00356213 0.000998497 
-0.0578718 -0.0310545 0.0813294 
-0.0560119 -0.0343729 0.0565819 
-0.0581087 -0.0189161 -0.00846208 
-0.0618478 0.0167459 0.0896408 
-0.0568058 -0.0118235 0.0686584 
-0.0617546 -0.100803 0.0598065 
-0.0616369 -0.116086 0.0936061 
-0.0345816 0.000761538 0.00111848 
-0.0435551 0.0171519 0.042484 
-0.0414723 0.00969756 0.0323226 
-0.0406871 0.00612583 0.0416651 
-0.0386756 0.0313701 0.0317189 
-0.0394245 0.015009 0.0612965 
-0.0405331 0.00943971 0.0307324 
-0.0430256 -0.0212011 0.046003 
-0.0436761 -0.015811 0.0589812 
-0.0451532 -0.0346548 0.0565251 
-0.042849 -0.0284035 0.04139 
-0.0424027 0.00532697 0.0273095 
-0.0430885 -0.0152869 0.0397263 
-0.0443014 -0.00977111 0.031175 
-0.0443617 -0.016035 0.0254863 
-0.0444997 -0.0146451 0.0201347 
-0.0443026 -0.0223599 0.0323351 
-0.0466836 -0.0192199 0.0272805 
-0.0469564 -0.0173838 0.0246008 
-0.0476604 -0.0207032 0.0175443 
-0.0478789 -0.0303848 0.00851845 
-0.0464 -0.0134169 0.00387528 
-0.0456683 -0.0124811 -0.00449759 
-0.0453133 -0.0118104 -0.010983 
-0.0461798 -0.0221799 -0.0159693 
-0.0453254 -0.00588607 -0.00920799 
-0.045247 -0.00211421 -0.00807517 
-0.0456444 -0.000926131 -0.00453924 
-0.0457958 -0.00137904 -0.00497598 
-0.0457746 -0.0022127 -0.00648403 
-0.0454066 -0.00346446 -0.0102786 
-0.0453005 -0.00389827 -0.0102983 
-0.0453005 -0.00389827 -0.0102983 
-0.0453168 -0.00382568 -0.0100713 
-0.0453139 -0.00127164 -0.00659881 
-0.0454017 -0.000491044 -0.00403912 
-0.0451366 0.000349417 -0.00476622 
-0.0449113 0.00202884 -0.00333013 
-0.0446894 0.00446065 -0.00395196 
-0.0448045 0.00614049 -0.00165437 
-0.0447731 0.00716707 -0.00139922 
-0.0447147 0.00819005 -0.000457239 
-0.0444658 0.00614877 0.000823161 
-0.044194 0.00513237 0.00101676 
-0.0443562 0.00647773 0.00342656 
-0.0443343 0.00572004 0.00482935 
-0.0439974 0.00441331 0.0041152 
-0.0437372 0.00360406 0.00367935 
-0.0430402 -0.00221737 0.0144512 
-0.0431079 -0.00109867 0.0162119 
-0.0430809 -0.00110228 0.0168987 
-0.042654 -0.00518103 0.015402 
-0.0426401 -0.00532089 0.0156032 
-0.041941 -0.0144574 0.0216215 
-0.0418679 -0.0164527 0.0274562 
-0.041528 -0.0194834 0.0254644 
-0.0416738 -0.0206214 0.0266574 
-0.0410554 -0.0203801 0.0342903 
-0.0418316 -0.00561758 0.0156881 
-0.0411361 -0.0117824 0.0266039 
-0.0406269 -0.00829622 0.0299933 
-0.0406282 -0.0110504 0.0291473 
-0.0395526 -0.0175111 0.034268 
-0.0386382 -0.0203003 0.0365384 
-0.0679781 -0.0436257 0.0363069 
-0.0571866 -0.0700877 0.017821 
-0.0583656 -0.0609769 0.0461609 
-0.0587989 -0.050924 0.0423263 
-0.0589668 -0.0909101 0.0531957 
-0.0588746 -0.0946008 0.0154859 
-0.0573186 -0.104635 0.0328393 
-0.0562618 -0.0961413 -0.00941669 
-0.0555689 -0.105066 -0.0291713 
-0.0529427 -0.0682441 -0.0111212 
-0.053428 -0.0553086 0.00546463 
-0.0520308 -0.0576778 0.0210947 
-0.0532396 -0.062673 0.0195182 
-0.0526322 -0.056592 0.0226763 
-0.0526717 -0.0516356 0.0204289 
-0.0530199 -0.0484152 0.0151132 
-0.0522138 -0.0537922 0.0196121 
-0.0526991 -0.0437099 -0.00406143 
-0.052622 -0.0382227 -0.00499 
-0.0526139 -0.0323123 -0.00720917 
-0.0530372 -0.0274708 -0.00308935 
-0.05265 -0.0174936 -0.000103588 
-0.0515956 -0.00434707 0.00208819 
-0.0518798 -0.00393449 0.00709029 
-0.0525553 -0.0143379 0.00357272 
-0.0524537 -0.0109803 0.00596445 
-0.0526648 -0.0157539 0.00651018 
-0.0526496 -0.0170655 0.00600241 
-0.0525185 -0.0160551 0.00766289 
-0.0524022 -0.0170394 0.00841656 
-0.0522875 -0.0198823 0.00874898 
-0.0523437 -0.0253075 0.00859422 
-0.0523437 -0.0253075 0.00859422 
-0.0521138 -0.0259043 0.00818405 
-0.0516981 -0.0286129 0.00342785 
-0.0514367 -0.0305939 0.00228296 
-0.0514102 -0.031217 0.00282937 
-0.0513105 -0.0312331 0.0042347 
-0.0513375 -0.0336403 0.00255801 
-0.0510615 -0.0356852 0.00452523 
-0.0509376 -0.038259 0.00314487 
-0.0509401 -0.0398414 0.00300792 
-0.050685 -0.0438155 0.00229818 
-0.0506466 -0.0455414 0.00304931 
-0.0504413 -0.0484781 0.000534254 
-0.0501237 -0.0519142 -0.000230321 
-0.0498574 -0.0546563 -0.00265632 
-0.0498791 -0.0568529 -0.00227855 
-0.0490488 -0.0653311 0.00220505 
-0.0491924 -0.0658583 0.000199421 
-0.0488441 -0.0683438 -0.00322084 
-0.0480759 -0.0713754 0.000667316 
-0.0477777 -0.0724714 -0.0013631 
-0.0476724 -0.0726291 -0.00109847 
-0.0470556 -0.0716441 0.00113753 
-0.0471053 -0.0730174 -0.00165764 
-0.0468742 -0.0723752 -0.00178698 
-0.0466244 -0.0797056 0.00319496 
-0.0469373 -0.071122 -0.000882696 
-0.0465412 -0.0742841 0.00403654 
-0.0473513 -0.0827262 0.003756 
-0.0483283 -0.0814014 0.016242 
-0.0482026 -0.0894953 0.036316 
-0.0496464 -0.0864438 0.0421709 
-0.049385 0.00485425 0.00357455 
-0.044936 -0.00203203 -0.033198 
-0.0459476 -0.00196747 -0.0595242 
-0.0503272 -0.00250014 -0.012359 
-0.0486488 -0.026066 -0.0035371 
-0.0479463 -0.0424974 -0.0252037 
-0.0471137 -0.0378828 -0.0128633 
-0.0464394 -0.0337766 -0.0236779 
-0.0493481 -0.0752077 -0.0360791 
-0.0491911 -0.0492425 -0.0414456 
-0.0501806 -0.0273372 -0.027211 
-0.0504968 -0.0248815 -0.033121 
-0.0525141 -0.0258906 -0.0452988 
-0.0513771 -0.0261721 -0.0407394 
-0.0518248 -0.0325786 -0.0514199 
-0.0520994 -0.0389378 -0.0570658 
-0.0527175 -0.0382075 -0.0613632 
-0.0523272 -0.0360544 -0.0501284 
-0.0520092 -0.0364602 -0.0497626 
-0.0527466 -0.0380346 -0.0495502 
-0.0527718 -0.0372595 -0.0442749 
-0.0531315 -0.039932 -0.0406934 
-0.0538244 -0.0472238 -0.0395147 
-0.0542897 -0.0469757 -0.0320129 
-0.0543838 -0.0457774 -0.0280282 
-0.0545806 -0.0515866 -0.0277059 
-0.05444 -0.0487918 -0.027193 
-0.0541471 -0.0476876 -0.0302881 
-0.0539769 -0.0438575 -0.026181 
-0.0539389 -0.037999 -0.0192651 
-0.0537415 -0.0360398 -0.0182316 
-0.0537664 -0.0361604 -0.013381 
-0.0537664 -0.0361604 -0.013381 
-0.0537655 -0.0388473 -0.0146552 
-0.0540886 -0.0416064 -0.0152948 
-0.0539943 -0.045759 -0.0174989 
-0.0540589 -0.0467164 -0.020211 
-0.0540368 -0.0459589 -0.0182431 
-0.0538495 -0.0464035 -0.0162023 
-0.0537576 -0.0482126 -0.0169884 
-0.0536629 -0.0469242 -0.0170724 
-0.0534371 -0.0446252 -0.0154959 
-0.0533023 -0.0407933 -0.0134176 
-0.0531891 -0.0389666 -0.0169271 
-0.0530257 -0.0372057 -0.0152958 
-0.0529361 -0.0322018 -0.0158792 
-0.052568 -0.0276603 -0.0143585 
-0.0526289 -0.0257963 -0.0166528 
-0.0522699 -0.025802 -0.0181694 
-0.0520252 -0.024404 -0.0176728 
-0.052186 -0.0245825 -0.0191672 
-0.0521032 -0.024602 -0.0204458 
-0.0523282 -0.0266335 -0.025077 
-0.0526662 -0.02342 -0.0323898 
-0.052338 -0.0262436 -0.0350111 
-0.0522432 -0.0292332 -0.0398452 
-0.052156 -0.028766 -0.038785 
-0.0514368 -0.0236125 -0.0399825 
-0.0501223 -0.0257707 -0.0290394 
-0.0506204 -0.0181903 -0.0361512 
-0.0499936 -0.0105235 -0.0301723 
-0.0505219 -0.0108894 -0.0255264 
-0.0509559 -0.0109384 -0.0243001 
-0.05013 -0.018771 -0.00965894 
S
378.768 38.8495 32.3938 
V
-0.616489 0.281985 0.735137 
-0.583286 -0.790721 -0.18584 
-0.528884 0.543363 -0.651949 
work
0 0 6.79039e-313 
Y flatten:
10.01 9.05 8.02 12.15 10.48 10.17 12.05 12.48 11.99 11.6 11.52 6.17 10.57 10.5 10.44 10.5 10.65 10.95 
9.5 6.27 12.16 11.41 11.4 12.28 8.9 6.99 7.34 9.26 9.6 10.03 11.3 11.34 12.02 12.14 12.74 12.32 
11.7 14.52 12.14 11.4 13.74 14.04 9.99 10.16 10.16 10.22 11.62 10.18 12.12 12.38 12.57 12.77 13.15 12.54 
12.05 12.48 11.99 11.6 11.52 6.17 10.57 10.5 10.44 10.5 10.65 10.95 12.39 12.14 12.35 12.44 11.49 11.84 
8.9 6.99 7.34 9.26 9.6 10.03 11.3 11.34 12.02 12.14 12.74 12.32 13.67 13.94 14.68 14.45 10.62 12.95 
9.99 10.16 10.16 10.22 11.62 10.18 12.12 12.38 12.57 12.77 13.15 12.54 12.65 9.02 9.13 10.04 10.39 12.84 
10.57 10.5 10.44 10.5 10.65 10.95 12.39 12.14 12.35 12.44 11.49 11.84 19.19 19.38 19.58 19.7 19.21 17.59 
11.3 11.34 12.02 12.14 12.74 12.32 13.67 13.94 14.68 14.45 10.62 12.95 16.74 16.88 15.09 16.65 16.26 12.25 
12.12 12.38 12.57 12.77 13.15 12.54 12.65 9.02 9.13 10.04 10.39 12.84 12.02 12.86 12.25 10.76 7.2 10.01 
12.39 12.14 12.35 12.44 11.49 11.84 19.19 19.38 19.58 19.7 19.21 17.59 10.33 10.18 10.52 10.6 10.33 10.35 
13.67 13.94 14.68 14.45 10.62 12.95 16.74 16.88 15.09 16.65 16.26 12.25 10.35 10.42 11.89 10.47 10.56 10.55 
12.65 9.02 9.13 10.04 10.39 12.84 12.02 12.86 12.25 10.76 7.2 10.01 10.51 10.57 10.66 11.17 11.25 11.39 
19.19 19.38 19.58 19.7 19.21 17.59 10.33 10.18 10.52 10.6 10.33 10.35 11.78 11.71 12.05 12.66 12.38 12.54 
16.74 16.88 15.09 16.65 16.26 12.25 10.35 10.42 11.89 10.47 10.56 10.55 12.78 12.8 12.81 15.27 15.25 15.15 
12.02 12.86 12.25 10.76 7.2 10.01 10.51 10.57 10.66 11.17 11.25 11.39 14.85 14.7 16.16 14.63 15.3 14.84 
10.33 10.18 10.52 10.6 10.33 10.35 11.78 11.71 12.05 12.66 12.38 12.54 13.68 14.79 12.79 10.03 9.3 7.55 
10.35 10.42 11.89 10.47 10.56 10.55 12.78 12.8 12.81 15.27 15.25 15.15 8.64 8.35 6.8 6.76 9.57 7.74 
10.51 10.57 10.66 11.17 11.25 11.39 14.85 14.7 16.16 14.63 15.3 14.84 19.47 10.08 8.55 12.62 10.82 11.23 
11.78 11.71 12.05 12.66 12.38 12.54 13.68 14.79 12.79 10.03 9.3 7.55 11.83 12.73 11.05 11.98 12.2 12.39 
12.78 12.8 12.81 15.27 15.25 15.15 8.64 8.35 6.8 6.76 9.57 7.74 12.29 10.18 13.88 10.25 10.52 12.86 
14.85 14.7 16.16 14.63 15.3 14.84 19.47 10.08 8.55 12.62 10.82 11.23 14 14.14 14.26 14.95 14.95 15.03 
13.68 14.79 12.79 10.03 9.3 7.55 11.83 12.73 11.05 11.98 12.2 12.39 13.63 15.18 15.14 15.2 15.34 15.54 
8.64 8.35 6.8 6.76 9.57 7.74 12.29 10.18 13.88 10.25 10.52 12.86 15.34 15.27 14.75 14.93 15.18 15.23 
19.47 10.08 8.55 12.62 10.82 11.23 14 14.14 14.26 14.95 14.95 15.03 16.42 16.45 15.51 15.9 16 16.32 
11.83 12.73 11.05 11.98 12.2 12.39 13.63 15.18 15.14 15.2 15.34 15.54 16.71 16.07 15.32 14.58 13.7 15.11 
12.29 10.18 13.88 10.25 10.52 12.86 15.34 15.27 14.75 14.93 15.18 15.23 14.05 13.16 16.76 14.77 14.74 15.35 
14 14.14 14.26 14.95 14.95 15.03 16.42 16.45 15.51 15.9 16 16.32 8.11 11.37 10.56 10.56 10.13 10.83 
13.63 15.18 15.14 15.2 15.34 15.54 16.71 16.07 15.32 14.58 13.7 15.11 10.3 10.91 11.43 11.51 10.68 10.61 
15.34 15.27 14.75 14.93 15.18 15.23 14.05 13.16 16.76 14.77 14.74 15.35 10.84 10.98 10.79 10.71 10.87 11.34 
16.42 16.45 15.51 15.9 16 16.32 8.11 11.37 10.56 10.56 10.13 10.83 11.36 11.32 11.05 10.78 10.42 10.19 
16.71 16.07 15.32 14.58 13.7 15.11 10.3 10.91 11.43 11.51 10.68 10.61 10.16 10.3 10.35 10.54 10.56 10.51 
14.05 13.16 16.76 14.77 14.74 15.35 10.84 10.98 10.79 10.71 10.87 11.34 10.32 10.29 10.29 10.3 10.41 10.5 
8.11 11.37 10.56 10.56 10.13 10.83 11.36 11.32 11.05 10.78 10.42 10.19 10.43 10.43 10.39 10.49 10.5 10.52 
10.3 10.91 11.43 11.51 10.68 10.61 10.16 10.3 10.35 10.54 10.56 10.51 10.47 10.4 10.51 10.53 10.42 10.34 
10.84 10.98 10.79 10.71 10.87 11.34 10.32 10.29 10.29 10.3 10.41 10.5 10.37 10.44 10.45 10.27 10.27 10.15 
11.36 11.32 11.05 10.78 10.42 10.19 10.43 10.43 10.39 10.49 10.5 10.52 10.25 10.09 10.14 10.18 10.08 10.11 
10.16 10.3 10.35 10.54 10.56 10.51 10.47 10.4 10.51 10.53 10.42 10.34 10.11 10.06 9.86 9.67 16.26 13.01 
10.32 10.29 10.29 10.3 10.41 10.5 10.37 10.44 10.45 10.27 10.27 10.15 14.06 14.18 14.04 13.08 13.02 11.86 
10.43 10.43 10.39 10.49 10.5 10.52 10.25 10.09 10.14 10.18 10.08 10.11 11.13 11.35 12 12.02 12.21 12.21 
10.47 10.4 10.51 10.53 10.42 10.34 10.11 10.06 9.86 9.67 16.26 13.01 12.22 12.21 12.07 11.73 11.75 11.76 
10.37 10.44 10.45 10.27 10.27 10.15 14.06 14.18 14.04 13.08 13.02 11.86 12.01 12.1 12.05 12.24 12.2 12.27 
10.25 10.09 10.14 10.18 10.08 10.11 11.13 11.35 12 12.02 12.21 12.21 12.28 12.25 12.27 12.25 12.2 12.15 
10.11 10.06 9.86 9.67 16.26 13.01 12.22 12.21 12.07 11.73 11.75 11.76 12.15 12.08 11.84 11.73 11.73 11.74 
14.06 14.18 14.04 13.08 13.02 11.86 12.01 12.1 12.05 12.24 12.2 12.27 11.68 11.64 11.55 11.53 11.41 11.4 
11.13 11.35 12 12.02 12.21 12.21 12.28 12.25 12.27 12.25 12.2 12.15 11.26 11.13 10.98 10.97 10.79 10.77 
12.22 12.21 12.07 11.73 11.75 11.76 12.15 12.08 11.84 11.73 11.73 11.74 10.58 10.46 10.33 10.31 10.23 10.16 
12.01 12.1 12.05 12.24 12.2 12.27 11.68 11.64 11.55 11.53 11.41 11.4 10.11 10.09 10.16 10.15 10.24 10.78 
12.28 12.25 12.27 12.25 12.2 12.15 11.26 11.13 10.98 10.97 10.79 10.77 11.14 11.65 11.67 9.68 9.29 11.43 
12.15 12.08 11.84 11.73 11.73 11.74 10.58 10.46 10.33 10.31 10.23 10.16 10.99 10.13 10.28 9.91 9.84 9.96 
11.68 11.64 11.55 11.53 11.41 11.4 10.11 10.09 10.16 10.15 10.24 10.78 10.77 10.73 10.9 10.74 10.52 10.38 
11.26 11.13 10.98 10.97 10.79 10.77 11.14 11.65 11.67 9.68 9.29 11.43 10.43 10.63 10.56 10.72 10.86 11 
10.58 10.46 10.33 10.31 10.23 10.16 10.99 10.13 10.28 9.91 9.84 9.96 11.11 11.4 11.53 11.52 11.53 11.4 
10.11 10.09 10.16 10.15 10.24 10.78 10.77 10.73 10.9 10.74 10.52 10.38 11.5 11.72 11.72 11.84 11.84 11.78 
11.14 11.65 11.67 9.68 9.29 11.43 10.43 10.63 10.56 10.72 10.86 11 11.81 11.69 11.63 11.68 11.68 11.62 
10.99 10.13 10.28 9.91 9.84 9.96 11.11 11.4 11.53 11.52 11.53 11.4 11.61 11.62 11.68 11.59 11.61 11.63 
10.77 10.73 10.9 10.74 10.52 10.38 11.5 11.72 11.72 11.84 11.84 11.78 11.63 11.61 11.49 11.46 11.46 11.41 
10.43 10.63 10.56 10.72 10.86 11 11.81 11.69 11.63 11.68 11.68 11.62 11.33 11.27 11.1 10.93 10.94 10.8 
11.11 11.4 11.53 11.52 11.53 11.4 11.61 11.62 11.68 11.59 11.61 11.63 10.73 10.76 10.84 11.07 11.2 11.27 
11.5 11.72 11.72 11.84 11.84 11.78 11.63 11.61 11.49 11.46 11.46 11.41 11.58 10.26 9.56 12.4 12.19 12.11 
11.81 11.69 11.63 11.68 11.68 11.62 11.33 11.27 11.1 10.93 10.94 10.8 10.85 10.96 10.27 10.46 11.06 10.46 
11.61 11.62 11.68 11.59 11.61 11.63 10.73 10.76 10.84 11.07 11.2 11.27 10.24 10.85 10.6 10.67 10.51 10.46 
11.63 11.61 11.49 11.46 11.46 11.41 11.58 10.26 9.56 12.4 12.19 12.11 10.45 10.36 10.4 10.31 10.48 10.31 
11.33 11.27 11.1 10.93 10.94 10.8 10.85 10.96 10.27 10.46 11.06 10.46 10.26 10.26 10.21 10.12 10.31 10.26 
10.73 10.76 10.84 11.07 11.2 11.27 10.24 10.85 10.6 10.67 10.51 10.46 10.26 10.08 10.08 10.23 9.97 10.06 
A = U S V^T
U
-0.110973 -0.0274908 -0.0451851 -0.109517 -0.291517 -0.126587 0.0171365 -0.0964317 -0.0285521 -0.426511 -0.211149 -0.272502 -0.0240317 0.13832 -0.0862582 0.112595 0.0769713 0.137603 
-0.109566 -0.0553393 0.156484 -0.216242 0.114654 0.269176 -0.242478 -0.154837 -0.0132041 -0.0376387 0.261353 -0.228405 0.359533 -0.0427709 -0.00492626 -0.0482799 -0.0311486 0.207387 
-0.126207 0.0231237 0.139574 -0.0480422 0.0476292 0.019333 -0.107146 0.0993329 0.180179 -0.0256624 -0.10498 0.0787914 -0.378591 0.25529 0.183489 -0.0146621 0.141544 0.000256002 
-0.118447 -0.0486392 0.0665795 0.242833 0.0564821 -0.0485709 0.112386 0.186676 -0.139505 0.0532083 -0.279526 -0.150938 0.336286 -0.242584 0.106222 0.118906 0.0066406 -0.132966 
-0.119724 -0.217286 -0.0443386 -0.173403 0.14949 -0.0137641 0.0643445 -0.22007 0.0488932 -0.0865861 -0.13432 0.0493122 0.226915 0.297875 0.0957831 0.0132498 -0.106799 0.0877297 
-0.118347 -0.0170695 -0.12397 -0.0452986 0.0407262 -0.0618159 -0.256261 0.127582 -0.165049 -0.0853722 -0.0887299 0.170352 0.0510999 -0.123855 0.0797102 0.251548 -0.183621 0.233602 
-0.147044 -0.376271 0.186641 -0.0667925 -0.0425003 0.0279133 0.0611189 0.0615368 0.115508 -0.029367 0.0667122 -0.10989 0.0148039 0.127022 0.0546876 0.0224965 -0.0515383 -0.0541169 
-0.144207 -0.168144 0.0306491 -0.163294 -0.0993912 -0.131686 0.175974 0.160113 0.113223 0.215125 0.223456 -0.361201 0.0669598 0.0933267 0.0754385 0.0135452 -0.0345184 -0.197051 
-0.119992 0.0781802 0.0602461 -0.152488 0.269665 0.107564 0.328882 -0.0522652 -0.199626 0.149307 -0.123955 0.142481 0.0375045 -0.00531688 -0.17096 -0.0574679 -0.148905 0.102045 
-0.14631 0.0558717 -0.470677 0.0867061 -0.0828244 0.0547355 0.0236173 -0.0378849 0.0110325 -0.0172989 -0.0777389 -0.0361417 0.0971483 0.100137 0.0194041 0.080649 0.0977027 -0.142619 
-0.139765 0.114426 -0.222781 0.156816 -0.175174 0.136245 0.198524 -0.0299787 0.0168252 -0.365101 0.0765094 -0.0577086 0.0107179 0.0669451 0.017697 0.113593 0.103588 -0.0632161 
-0.114141 -0.0155847 -0.00393344 -0.127969 -0.314548 -0.168562 0.0227788 -0.259435 -0.00517408 0.19444 0.223237 0.230215 -0.0329356 -0.0526995 0.0456115 0.00822838 -0.130722 -0.0723808 
-0.14656 0.32744 0.294345 0.0581843 0.0162198 -0.104647 -0.00924587 0.0393085 -0.0383644 -0.00189445 0.0202896 -0.0881435 0.129842 0.0728612 0.0175797 0.0566444 0.0955265 0.0297681 
-0.141919 0.0864051 0.246928 0.205807 -0.0993483 -0.170837 -0.164758 0.0999051 -0.0764698 0.0735963 -0.226028 -0.140334 0.254527 0.182027 -0.0579 -0.0163223 0.0253934 -0.0538645 
-0.129592 -0.184368 0.135554 0.28439 0.0371006 0.0991831 0.103939 0.0596433 0.0976795 -0.142839 0.230379 0.155753 -0.0501987 0.0860632 -0.216376 0.0822764 -0.0649232 -0.036339 
-0.119334 -0.0548359 -0.0821151 -0.0979994 0.260211 -0.0810031 0.404438 0.0015768 0.0704492 0.0108231 0.0737062 -0.294747 -0.161721 -0.243932 -0.13557 0.0522494 0.150134 0.0120672 
-0.114952 0.110466 -0.284914 0.0904694 0.171865 0.118475 -0.174568 0.0553974 -0.00390641 0.0944225 0.137906 -0.257296 -0.139624 -0.167991 0.00691263 0.10255 -0.0950445 0.0854676 
-0.134146 -0.071603 -0.224795 -0.183918 0.152917 -0.358173 -0.110791 0.42086 -0.441055 -0.185944 0.275959 0.151879 0.0250411 0.0470417 0.0259235 -0.119658 0.0406381 -0.112742 
-0.125124 0.0124819 0.0393814 -0.138313 -0.422863 -0.115753 0.137148 0.0670522 0.0365931 -0.144993 -0.0572876 0.0316904 -0.0153136 -0.302874 -0.00560461 -0.367433 0.0413574 0.299984 
-0.118317 0.122713 0.281412 -0.22239 0.0923561 0.03697 -0.0673128 -0.126358 -0.0164997 -0.370083 -0.156401 0.196152 -0.0151711 -0.209238 -0.163987 0.180984 -0.0709943 -0.417193 
-0.146914 0.0363441 0.169618 -0.117615 -0.208548 0.502909 0.144674 0.0691427 -0.57152 0.122749 0.00186772 -0.0437395 -0.222612 0.122785 0.0269036 0.0412887 0.0607958 0.0270817 
-0.135006 -0.159797 0.089236 0.457068 -0.0325638 0.0754942 0.102597 0.129177 0.0109117 0.0586253 -0.127854 0.114516 -0.0522367 -0.152179 0.275521 -0.0466571 -0.105108 0.106619 
-0.122216 -0.32618 0.0176912 -0.0559988 -0.0134437 -0.066883 -0.0962895 0.0597986 -0.0084602 0.312058 -0.188425 0.164811 0.000256223 -0.0019948 -0.332675 0.0412013 0.307734 0.0605217 
-0.150495 -0.194283 -0.0126757 0.224216 0.0151289 -0.290624 -0.0688646 -0.623064 -0.379185 0.0381902 0.0537202 -0.112157 -0.127237 -0.0461504 0.0261506 -0.0816522 -0.0286793 -0.0726879 
-0.148679 -0.150885 -0.0758955 -0.0330507 0.144265 -0.108001 0.0387857 0.0298058 0.0892222 -0.054732 -0.0829713 0.0963089 -0.104382 -0.0193597 -0.0336927 0.120341 -0.319036 0.170991 
-0.146226 -0.14494 -0.0989978 0.0260007 -0.0252136 0.259579 -0.051057 -0.126067 0.114844 -0.0542027 0.212653 0.305394 0.246269 -0.145423 0.229896 0.134958 0.300542 -0.161655 
-0.14386 0.185985 -0.225212 -0.0110192 -0.0298671 0.131609 0.00477503 -0.167441 0.120397 0.150853 -0.181931 -0.0366048 0.0277874 0.0561593 -0.0217038 -0.219993 -0.224676 0.0279531 
-0.144739 0.180376 -0.143896 -0.0933452 -0.106244 0.0766505 0.102634 0.0381461 0.0612869 0.147696 -0.0616805 0.104148 0.0652512 0.0539977 -0.0520577 -0.139595 -0.104432 -0.36221 
-0.143615 0.180998 -0.117626 0.0279739 0.0720076 -0.100734 -0.0808377 -0.0447008 0.0494017 0.173386 -0.0199521 0.0595891 0.0457375 0.210398 -0.343768 0.162913 0.335655 0.135247 
-0.130841 0.241981 0.171492 0.00476713 0.112703 -0.251046 0.0390989 -0.050465 0.168664 -0.00083992 0.115889 0.00349468 -0.0933508 -0.0269945 0.175711 0.0140289 -0.124696 -0.0548979 
-0.128558 0.220702 0.0990111 0.140258 -0.00649363 -0.125454 0.0342475 -0.072756 0.0260284 0.0210495 0.17209 0.0742598 -0.121086 0.163896 0.054425 0.0847138 0.174686 0.121758 
-0.126857 0.207235 0.0843126 -0.0747978 0.0478086 0.0597446 -0.0366641 -0.00108705 0.0517477 0.00773818 0.213412 -0.00446213 0.210414 -0.179143 0.0484198 -0.126198 0.130464 0.200828 
-0.111011 -0.00578056 -0.0295107 -0.0621736 -0.066887 0.0708267 0.0267046 0.187649 0.136289 -0.0540012 -0.0414173 0.057004 -0.0535522 0.124782 -0.128244 -0.00311435 -0.201496 0.0120097 
-0.111656 0.0232266 0.0151176 0.00873134 0.0314954 0.0267867 -0.00404419 0.0532794 0.0502341 -0.0393795 0.0187143 -0.054243 0.10369 0.0303359 -0.0672645 -0.00377026 -0.0962414 -0.00335593 
-0.111108 0.0271778 0.0144483 -0.0196017 0.026437 0.00143203 -0.00187713 -0.013116 0.0428072 0.0135641 0.0216408 0.0247242 -0.0651763 0.0372987 -0.0042402 -0.0185653 0.000911284 -0.0215126 
-0.110613 0.0315622 0.00157463 0.0735082 0.0157066 -0.0141756 0.0188501 0.0150817 -0.0164327 0.00968064 0.00253721 0.0138803 0.00294177 0.00120879 0.0149744 0.00333718 0.00893539 -0.0250909 
-0.113698 -0.0422936 0.0373578 0.0839692 -0.190662 0.106787 -0.435315 0.0602255 0.0802196 0.0525087 0.0894875 -0.194498 -0.247976 -0.271805 -0.311435 0.0953865 -0.108661 -0.124451 
-0.119738 -0.133884 0.0977321 -0.0579272 0.0423895 -0.0264237 0.114325 0.0284735 0.0770577 -0.0420654 0.042637 -0.0922432 -0.0640166 -0.0674433 -0.0195804 0.00158497 0.0787592 -0.0696867 
-0.113996 -0.0568819 0.0656091 0.00710523 -0.0390631 0.0467858 -0.0665478 -0.014414 0.0542881 -0.00392378 -0.0201447 0.016991 0.0364424 0.0738589 -0.00305325 0.0352076 -0.0531822 -0.0277045 
-0.119168 -0.0690648 -0.0107784 0.0710475 0.350625 0.130752 -0.17799 -0.0465338 0.0261921 -0.225232 -0.171526 -0.0400051 -0.12294 -0.0276473 -0.0323396 -0.567022 0.215455 -0.0872893 
-0.126053 -0.0867303 -0.121612 0.00624035 -0.140295 0.0153169 0.022335 0.0370362 0.0349501 -0.049754 -0.078201 0.0256355 0.0369409 -0.0365615 0.0133701 -0.0469692 0.0972813 0.0514962 
-0.120234 -0.096373 -0.0311405 0.0236154 0.0597749 0.00999389 -0.0523375 -0.00395025 0.0618988 0.00312138 -0.0047256 -0.0242338 0.0460692 0.061608 -0.0342193 0.039707 -0.0368549 0.0426074 
-0.124221 -0.0189228 -0.0153333 -0.347456 0.0106665 -0.0389936 -0.15399 -0.0163179 0.0757442 0.190492 -0.288809 -0.0341737 -0.15989 -0.157483 0.43237 0.171294 0.200952 -0.0267452 
-0.130303 0.0828936 0.0154904 0.125018 0.0374077 -0.0270587 0.0488917 0.0552327 -0.0283315 0.04236 -0.0193731 -0.0121947 0.0331045 -0.072893 0.0786496 0.0364889 0.0820245 0.00905236 
-0.123201 0.0360161 -0.0525797 -0.07036 0.0195147 0.0178329 -0.00567062 0.0196558 0.0403997 0.00159302 0.00293715 -0.0315634 0.0444769 -0.00535602 -0.0134676 -0.0143197 -0.0264914 0.00401405 
-0.120199 0.0697486 -0.0471324 0.0234679 -0.00248726 -0.0120519 0.0362304 0.0073368 -0.0117859 0.0285148 0.00477273 0.0292407 -0.0389916 -0.0307608 0.0257159 -0.0420106 0.0447052 -0.05272 
-0.119328 0.0851103 -0.0244806 -0.00805389 -0.0179945 0.00195191 -0.0339319 -0.0170799 0.00911875 0.00810779 -0.0207884 0.0418694 0.000382934 0.0112414 -0.0294548 0.0219063 -0.0578414 0.0311871 
-0.119661 0.0657448 0.0271738 -0.0286865 0.0429164 -0.0133105 0.118051 -0.0567312 0.00838211 -0.047602 -0.0684529 0.123312 -0.0142171 -0.185795 -0.114149 0.195261 -0.0487377 0.297443 
-0.113972 0.0767361 0.0347156 -0.00465454 0.0214476 -0.0556722 0.0461589 0.0190931 -0.0418277 -0.0233549 0.0375425 0.0411843 -0.0600275 -0.0473785 0.00829971 0.0523237 0.0583169 -0.0483179 
-0.114151 0.040267 0.0490089 0.0111474 0.0525571 -0.0147861 0.0147197 -0.00708482 0.0200867 0.0331297 0.0236402 0.0103963 0.00570531 0.0184572 -0.0159001 -0.0216033 -0.0157333 -0.0875689 
-0.11426 0.0124426 0.00393428 0.012841 -0.0837496 -0.056395 0.00919738 0.0109835 0.0441278 0.149342 0.00850397 0.160238 0.0950864 -0.144945 -0.156533 -0.171731 -0.100922 -0.134031 
-0.112336 -0.0459929 0.0465671 0.00594317 -0.053364 0.033897 0.0181033 0.00302614 -0.0104779 0.0229046 -0.0217835 0.0182489 -0.000807709 0.019706 -0.0587121 -0.0373239 0.0415415 -0.0211085 
-0.114846 -0.0650942 0.0230689 -0.0322713 -0.0348912 0.0186352 -0.0272021 -0.00705168 0.0642823 -0.0102608 0.0169004 0.0115035 -0.0106337 0.0686534 -0.00843532 -0.00111243 -0.0183963 0.0770307 
-0.116721 -0.0383413 0.0342106 0.0798834 0.0348679 0.0438743 0.0171256 0.0408335 0.0782108 -0.00809538 0.175275 0.163298 -0.135403 0.0734809 0.0603149 -0.0675693 0.0518125 0.166105 
-0.116829 -0.0673167 -0.0254855 0.0556302 0.00764464 -0.0054261 -0.0160432 -0.0381687 0.0196176 0.00297585 0.0186972 0.0138047 0.017112 -0.0179682 0.0441658 0.0175557 0.0357143 0.0493267 
-0.119264 -0.0393851 -0.0351658 0.0293859 0.0206074 0.010797 -0.00588102 0.0169062 0.0295992 -0.0037628 -0.00253908 -0.0224465 0.0352363 -0.0183248 0.000983703 0.00497616 -0.0460697 0.0260339 
-0.117612 -0.0186338 -0.0469352 -0.0369105 0.0132995 0.0140676 0.00542019 0.00917981 0.0281659 0.00305754 -0.0122773 -0.0120952 -0.0360022 0.0019615 -0.0224827 -0.00618427 -0.0401026 -0.025297 
-0.11961 0.0197919 -0.0252157 0.00075691 -0.0118333 0.0258894 -0.0530509 0.017507 0.0382432 0.0157026 -0.0225664 0.00422634 0.0393772 0.0288232 -0.0191354 -0.0117825 -0.0524059 -0.00284815 
-0.121638 0.0190216 0.000723594 0.00176318 -0.0634456 -0.0232614 -0.176346 0.100304 -0.0705317 0.0115957 0.0421583 0.00918947 0.0435007 0.182213 0.10382 -0.198289 -0.151984 0.0489178 
-0.117534 0.0453439 0.00394711 -0.00190793 -0.0227803 -0.0246363 -0.00426941 0.0145653 -0.00247574 0.0174619 0.0195697 -0.052834 -0.0754015 -0.0593843 -0.0286005 -0.0777607 0.018222 0.0154077 
-0.116585 0.0484062 0.00469096 0.0119099 0.0426939 0.0133376 -0.00956367 -0.0249415 0.0480382 0.0342871 -0.00550231 -0.030295 -0.00371383 0.0518852 0.0104513 -0.0380266 -0.0197514 0.0402273 
-0.116901 0.0498706 -0.0241713 0.0345875 0.1187 0.123891 -0.0351637 -0.0339683 -0.0910446 0.0174953 0.0115159 -0.103965 -0.12706 0.115429 0.116346 0.12773 -0.179808 -0.0581199 
-0.112441 0.0372452 -0.00292908 0.0317565 0.00340997 0.0114099 -0.00216817 -0.00344771 -0.00669277 -0.0316868 -0.0266679 0.00404902 -0.0627958 -0.0571165 0.0602877 -0.0769509 0.010727 -0.0358156 
-0.111278 0.0390397 -0.00395318 -0.036281 0.00985109 -0.0303519 -0.0174956 -0.00562396 0.0495433 -0.0123655 0.0078832 -0.00545008 0.0159453 0.0242305 0.053038 -0.000609779 -0.0699211 -0.0102928 
S
402.175 38.3288 33.6033 12.9654 12.4912 10.7658 10.3699 9.38265 8.7502 8.15143 7.56815 6.37546 5.50199 4.3249 4.05536 3.73819 3.45091 2.85045 
V
-0.238623 0.23527 0.161283 0.416487 -0.0374506 -0.319208 0.0466481 -0.563396 -0.373519 0.115877 0.135921 0.0296688 -0.069857 -0.107524 0.155023 -0.0254199 0.227152 -0.0181866 
-0.234898 0.304658 0.165759 0.402016 0.00958561 -0.0799475 0.188321 0.450131 0.134214 0.0480519 -0.258241 0.231691 -0.430883 0.250891 -0.0564097 0.0851892 -0.102576 -0.0899323 
-0.235748 0.327966 0.145934 0.150257 0.059197 0.375736 0.0948643 0.334401 0.0996223 -0.0195547 0.373927 0.0168686 0.393379 -0.277013 0.144764 -0.0467547 0.235608 0.258714 
-0.235575 0.319974 0.147789 -0.0320943 -0.0335423 -0.0851106 0.046117 -0.0739551 -0.0992588 -0.32631 -0.0607282 -0.351372 0.346757 0.0876653 -0.489446 -0.0852636 -0.397973 -0.163302 
-0.235234 0.297169 0.167278 -0.457273 0.0652732 -0.112196 -0.225284 0.0755835 -0.0354827 0.268655 -0.508126 -0.199687 0.0575535 -0.192574 0.295917 0.168145 0.125789 -0.0489812 
-0.234137 0.290048 0.106708 -0.51312 -0.00499119 0.0656857 -0.111494 -0.261926 0.24304 -0.0818666 0.403935 0.263146 -0.34863 0.255872 -0.0398343 -0.0990999 -0.0161069 0.0643258 
-0.23913 -0.0106049 -0.296919 -0.190702 -0.381412 0.443287 0.263684 0.0505115 -0.534498 0.114155 -0.118935 0.0705635 -0.139996 0.0150447 -0.174784 -0.0933961 0.142515 -0.0828614 
-0.235744 -0.000856527 -0.345022 0.000851823 -0.360122 -0.208167 0.130644 -0.00372742 0.268942 -0.202714 -0.0208949 0.13045 0.00292271 -0.406224 0.371887 -0.248955 -0.336192 -0.161471 
-0.235586 -0.041237 -0.358455 -0.0237434 -0.19302 -0.443457 -0.0487996 0.0875119 0.267006 0.148146 -0.0105497 0.106903 0.256457 0.125294 -0.396241 0.0802599 0.449513 0.134298 
-0.235697 -0.0112781 -0.354117 0.0710918 -0.0143238 0.0536495 0.0394208 -0.0442664 -0.0171796 0.0107328 0.203091 -0.349959 -0.0375411 0.272412 0.262824 0.631035 -0.24447 0.20119 
-0.235011 -0.0117723 -0.341577 0.143478 0.418786 0.171016 -0.259861 -0.0722652 0.0142715 -0.510745 -0.254364 -0.132988 -0.156079 0.0759068 0.0754802 -0.247883 0.294551 0.0501459 
-0.233613 -0.0323176 -0.286645 0.0777211 0.511258 0.10856 -0.144876 -0.052396 -0.00647587 0.545163 0.0949236 0.192845 0.1112 -0.0897846 -0.146997 -0.130493 -0.325631 -0.225227 
-0.238398 -0.312477 0.118017 -0.238758 0.28594 -0.392578 0.0777632 0.381829 -0.410646 -0.252999 0.289002 0.0984292 -0.0975135 -0.174714 -0.000533349 0.117522 0.0159031 -0.0832071 
-0.235657 -0.286955 0.166106 -0.0547215 0.129443 -0.0284873 0.419798 -0.116066 0.186079 0.192064 -0.116001 -0.330889 -0.230856 -0.154659 -0.137246 -0.251035 -0.0775345 0.514519 
-0.235503 -0.280386 0.215574 -0.0155156 0.107749 0.244365 0.336479 -0.284371 0.306704 -0.147424 -0.133242 0.171205 0.135447 -0.0823124 -0.0459156 0.388441 0.185734 -0.422281 
-0.235297 -0.284124 0.194362 -0.00909108 -0.0773671 -0.0340203 0.0385912 0.066967 -0.044263 0.0969298 -0.017456 -0.00476497 0.346464 0.619504 0.395461 -0.365107 -0.00576754 -0.0877674 
-0.234191 -0.269786 0.200714 0.173211 -0.307566 0.127581 -0.489314 0.121118 0.139002 0.129625 0.227122 -0.390026 -0.263195 -0.136769 -0.120672 -0.0449073 0.0885822 -0.29134 
-0.234514 -0.232838 0.194988 0.0999314 -0.171725 0.117949 -0.415436 -0.0944439 -0.11795 -0.12428 -0.231734 0.44852 0.125087 -0.0763593 -0.0947863 0.166397 -0.267025 0.451878 
work
0 0 0 0 0 0 0 0 0 0 0 0 0 0 0 0 0 8.37 
Z flatten:
10.01 9.05 8.02 12.15 10.48 10.17 
8.11 11.37 10.56 10.56 10.13 10.83 
11.58 10.26 9.56 12.4 12.19 12.11 
12.15 10.48 10.17 9.5 6.27 12.16 
10.56 10.13 10.83 10.3 10.91 11.43 
12.4 12.19 12.11 10.85 10.96 10.27 
9.5 6.27 12.16 11.41 11.4 12.28 
10.3 10.91 11.43 11.51 10.68 10.61 
10.85 10.96 10.27 10.46 11.06 10.46 
11.41 11.4 12.28 11.7 14.52 12.14 
11.51 10.68 10.61 10.84 10.98 10.79 
10.46 11.06 10.46 10.24 10.85 10.6 
11.7 14.52 12.14 11.4 13.74 14.04 
10.84 10.98 10.79 10.71 10.87 11.34 
10.24 10.85 10.6 10.67 10.51 10.46 
11.4 13.74 14.04 12.05 12.48 11.99 
10.71 10.87 11.34 11.36 11.32 11.05 
10.67 10.51 10.46 10.45 10.36 10.4 
12.05 12.48 11.99 11.6 11.52 6.17 
11.36 11.32 11.05 10.78 10.42 10.19 
10.45 10.36 10.4 10.31 10.48 10.31 
11.6 11.52 6.17 8.9 6.99 7.34 
10.78 10.42 10.19 10.16 10.3 10.35 
10.31 10.48 10.31 10.26 10.26 10.21 
8.9 6.99 7.34 9.26 9.6 10.03 
10.16 10.3 10.35 10.54 10.56 10.51 
10.26 10.26 10.21 10.12 10.31 10.26 
9.26 9.6 10.03 9.99 10.16 10.16 
10.54 10.56 10.51 10.32 10.29 10.29 
10.12 10.31 10.26 10.26 10.08 10.08 
9.99 10.16 10.16 10.22 11.62 10.18 
10.32 10.29 10.29 10.3 10.41 10.5 
10.26 10.08 10.08 10.23 9.97 10.06 
10.22 11.62 10.18 10.57 10.5 10.44 
10.3 10.41 10.5 10.43 10.43 10.39 
10.23 9.97 10.06 10.01 9.81 9.77 
10.57 10.5 10.44 10.5 10.65 10.95 
10.43 10.43 10.39 10.49 10.5 10.52 
10.01 9.81 9.77 9.89 9.7 9.82 
10.5 10.65 10.95 11.3 11.34 12.02 
10.49 10.5 10.52 10.47 10.4 10.51 
9.89 9.7 9.82 9.75 9.68 9.59 
11.3 11.34 12.02 12.14 12.74 12.32 
10.47 10.4 10.51 10.53 10.42 10.34 
9.75 9.68 9.59 9.5 9.34 9.27 
12.14 12.74 12.32 12.12 12.38 12.57 
10.53 10.42 10.34 10.37 10.44 10.45 
9.5 9.34 9.27 8.21 8.35 8.74 
12.12 12.38 12.57 12.77 13.15 12.54 
10.37 10.44 10.45 10.27 10.27 10.15 
8.21 8.35 8.74 8.3 8.64 9.13 
12.77 13.15 12.54 12.39 12.14 12.35 
10.27 10.27 10.15 10.25 10.09 10.14 
8.3 8.64 9.13 8.51 6.37 8.68 
12.39 12.14 12.35 12.44 11.49 11.84 
10.25 10.09 10.14 10.18 10.08 10.11 
8.51 6.37 8.68 8.4 8.15 8.48 
12.44 11.49 11.84 13.67 13.94 14.68 
10.18 10.08 10.11 10.11 10.06 9.86 
8.4 8.15 8.48 5.76 7.36 6.16 
13.67 13.94 14.68 14.45 10.62 12.95 
10.11 10.06 9.86 9.67 16.26 13.01 
5.76 7.36 6.16 6.55 14.25 14.95 
14.45 10.62 12.95 12.65 9.02 9.13 
9.67 16.26 13.01 14.06 14.18 14.04 
6.55 14.25 14.95 14.1 12.85 12.53 
12.65 9.02 9.13 10.04 10.39 12.84 
14.06 14.18 14.04 13.08 13.02 11.86 
14.1 12.85 12.53 12.42 12.4 12.6 
10.04 10.39 12.84 19.19 19.38 19.58 
13.08 13.02 11.86 11.13 11.35 12 
12.42 12.4 12.6 12.95 13.2 12.61 
19.19 19.38 19.58 19.7 19.21 17.59 
11.13 11.35 12 12.02 12.21 12.21 
12.95 13.2 12.61 12.95 12.79 12.45 
19.7 19.21 17.59 16.74 16.88 15.09 
12.02 12.21 12.21 12.22 12.21 12.07 
12.95 12.79 12.45 12.38 12.28 12.42 
16.74 16.88 15.09 16.65 16.26 12.25 
12.22 12.21 12.07 11.73 11.75 11.76 
12.38 12.28 12.42 12.57 12.43 12.33 
16.65 16.26 12.25 12.02 12.86 12.25 
11.73 11.75 11.76 12.01 12.1 12.05 
12.57 12.43 12.33 12.24 12.22 12.16 
12.02 12.86 12.25 10.76 7.2 10.01 
12.01 12.1 12.05 12.24 12.2 12.27 
12.24 12.22 12.16 12.23 12.1 11.98 
10.76 7.2 10.01 10.33 10.18 10.52 
12.24 12.2 12.27 12.28 12.25 12.27 
12.23 12.1 11.98 12.12 11.99 12.06 
10.33 10.18 10.52 10.6 10.33 10.35 
12.28 12.25 12.27 12.25 12.2 12.15 
12.12 11.99 12.06 12.07 11.98 11.95 
10.6 10.33 10.35 10.35 10.42 11.89 
12.25 12.2 12.15 12.15 12.08 11.84 
12.07 11.98 11.95 11.95 11.91 11.91 
10.35 10.42 11.89 10.47 10.56 10.55 
12.15 12.08 11.84 11.73 11.73 11.74 
11.95 11.91 11.91 11.89 11.91 11.87 
10.47 10.56 10.55 10.51 10.57 10.66 
11.73 11.73 11.74 11.68 11.64 11.55 
11.89 11.91 11.87 11.81 12.2 12.16 
10.51 10.57 10.66 11.17 11.25 11.39 
11.68 11.64 11.55 11.53 11.41 11.4 
11.81 12.2 12.16 12.07 11.96 11.79 
11.17 11.25 11.39 11.78 11.71 12.05 
11.53 11.41 11.4 11.26 11.13 10.98 
12.07 11.96 11.79 11.58 11.35 11.09 
11.78 11.71 12.05 12.66 12.38 12.54 
11.26 11.13 10.98 10.97 10.79 10.77 
11.58 11.35 11.09 10.94 10.84 10.9 
12.66 12.38 12.54 12.78 12.8 12.81 
10.97 10.79 10.77 10.58 10.46 10.33 
10.94 10.84 10.9 10.32 9.58 9.66 
12.78 12.8 12.81 15.27 15.25 15.15 
10.58 10.46 10.33 10.31 10.23 10.16 
10.32 9.58 9.66 10.43 9.74 6.91 
15.27 15.25 15.15 14.85 14.7 16.16 
10.31 10.23 10.16 10.11 10.09 10.16 
10.43 9.74 6.91 9.97 9.07 9.65 
14.85 14.7 16.16 14.63 15.3 14.84 
10.11 10.09 10.16 10.15 10.24 10.78 
9.97 9.07 9.65 9.17 7.44 6.48 
14.63 15.3 14.84 13.68 14.79 12.79 
10.15 10.24 10.78 11.14 11.65 11.67 
9.17 7.44 6.48 4.64 4.17 8.15 
13.68 14.79 12.79 10.03 9.3 7.55 
11.14 11.65 11.67 9.68 9.29 11.43 
4.64 4.17 8.15 9.9 9.89 9.98 
10.03 9.3 7.55 8.64 8.35 6.8 
9.68 9.29 11.43 10.99 10.13 10.28 
9.9 9.89 9.98 9.22 9.28 9.1 
8.64 8.35 6.8 6.76 9.57 7.74 
10.99 10.13 10.28 9.91 9.84 9.96 
9.22 9.28 9.1 9.04 9.45 9.66 
6.76 9.57 7.74 19.47 10.08 8.55 
9.91 9.84 9.96 10.77 10.73 10.9 
9.04 9.45 9.66 9.79 9.81 9.49 
19.47 10.08 8.55 12.62 10.82 11.23 
10.77 10.73 10.9 10.74 10.52 10.38 
9.79 9.81 9.49 9.36 9.11 9.03 
12.62 10.82 11.23 11.83 12.73 11.05 
10.74 10.52 10.38 10.43 10.63 10.56 
9.36 9.11 9.03 9.05 9.28 9.29 
11.83 12.73 11.05 11.98 12.2 12.39 
10.43 10.63 10.56 10.72 10.86 11 
9.05 9.28 9.29 9.23 9.39 9.49 
11.98 12.2 12.39 12.29 10.18 13.88 
10.72 10.86 11 11.11 11.4 11.53 
9.23 9.39 9.49 9.56 9.58 9.57 
12.29 10.18 13.88 10.25 10.52 12.86 
11.11 11.4 11.53 11.52 11.53 11.4 
9.56 9.58 9.57 9.5 9.9 9.87 
10.25 10.52 12.86 14 14.14 14.26 
11.52 11.53 11.4 11.5 11.72 11.72 
9.5 9.9 9.87 9.74 9.82 9.88 
14 14.14 14.26 14.95 14.95 15.03 
11.5 11.72 11.72 11.84 11.84 11.78 
9.74 9.82 9.88 10 10 10.14 
14.95 14.95 15.03 13.63 15.18 15.14 
11.84 11.84 11.78 11.81 11.69 11.63 
10 10 10.14 10.15 10.09 10.25 
13.63 15.18 15.14 15.2 15.34 15.54 
11.81 11.69 11.63 11.68 11.68 11.62 
10.15 10.09 10.25 10.46 10.91 11.44 
15.2 15.34 15.54 15.34 15.27 14.75 
11.68 11.68 11.62 11.61 11.62 11.68 
10.46 10.91 11.44 11.68 11.96 12.05 
15.34 15.27 14.75 14.93 15.18 15.23 
11.61 11.62 11.68 11.59 11.61 11.63 
11.68 11.96 12.05 12.17 12.27 12.13 
14.93 15.18 15.23 16.42 16.45 15.51 
11.59 11.61 11.63 11.63 11.61 11.49 
12.17 12.27 12.13 12.31 12.35 12.58 
16.42 16.45 15.51 15.9 16 16.32 
11.63 11.61 11.49 11.46 11.46 11.41 
12.31 12.35 12.58 12.82 12.74 13.13 
15.9 16 16.32 16.71 16.07 15.32 
11.46 11.46 11.41 11.33 11.27 11.1 
12.82 12.74 13.13 12.64 12.66 12.84 
16.71 16.07 15.32 14.58 13.7 15.11 
11.33 11.27 11.1 10.93 10.94 10.8 
12.64 12.66 12.84 13.8 13.08 13.25 
14.58 13.7 15.11 14.05 13.16 16.76 
10.93 10.94 10.8 10.73 10.76 10.84 
13.8 13.08 13.25 13.09 13.47 12.61 
14.05 13.16 16.76 14.77 14.74 15.35 
10.73 10.76 10.84 11.07 11.2 11.27 
13.09 13.47 12.61 12.5 16.38 16.62 
14.77 14.74 15.35 8.11 11.37 10.56 
11.07 11.2 11.27 11.58 10.26 9.56 
12.5 16.38 16.62 7.61 8.84 8.67 
A = U S V^T
U
-0.0622467 -0.0713476 0.0433463 0.165149 -0.0415808 0.0552039 
-0.0639898 -0.0353955 0.0806319 -0.11359 -0.00489074 0.132152 
-0.0707895 -0.072677 -0.0350083 0.121283 -0.0430711 0.0296311 
-0.0631256 0.087014 -0.123923 0.0522272 0.275019 0.258649 
-0.0666923 -0.0252732 -0.0465958 -0.0213011 0.0349089 -0.0176787 
-0.0714976 0.0772759 0.00649887 -0.0106566 -0.0169528 -0.0472558 
S
392.738 24.4986 14.7291 14.4838 11.1281 9.35913 
V
-0.40839 0.521217 -0.458541 0.56132 0.0345016 -0.187135 
-0.408241 0.435059 0.1965 -0.327477 -0.430218 0.559573 
-0.408249 0.226523 0.221014 -0.515254 0.492561 -0.474415 
-0.408641 -0.277183 0.66127 0.529416 0.158188 0.116614 
-0.408252 -0.439311 -0.121013 -0.10284 -0.634129 -0.461515 
-0.407715 -0.466818 -0.500358 -0.146065 0.379424 0.44743 
work
0 0 0 0 0 7.43 
