D:\SOFTMAG\AVERAGED\00001003.000\00001003.r0l 
20 30
64 777
-307
-69
140
305
404
420
334
176
0
-183
-365
-535
-681
-806
-906
-961
-949
-849
-641
-381
-150
41
184
267
280
194
-4
-304
-695
-1168
-1711
-362
-277
-202
-156
-155
-218
-361
-508
-661
-807
-933
-1025
-1069
-1094
-1093
-1042
-919
-700
-362
-60
201
411
558
630
615
543
337
10
-425
-960
-1581
-414
-473
-527
-592
-683
-817
-1010
-1154
-1292
-1408
-1486
-1509
-1459
-1391
-1295
-1145
-918
-587
-126
223
522
756
913
979
943
887
677
326
-152
-746
-1442
-482
-681
-858
-1028
-1205
-1405
-1642
-1796
-1932
-2031
-2074
-2040
-1910
-1757
-1575
-1336
-1013
-578
-4
415
771
1050
1237
1319
1283
1244
1031
659
140
-510
-1280
-590
-924
-1219
-1489
-1748
-2008
-2284
-2467
-2620
-2721
-2747
-2675
-2483
-2256
-1997
-1679
-1270
-742
-65
459
908
1267
1520
1653
1652
1632
1419
1026
468
-238
-1080
-761
-1225
-1634
-2001
-2337
-2654
-2966
-3201
-3394
-3521
-3554
-3469
-3238
-2948
-2626
-2240
-1758
-1148
-379
300
892
1381
1751
1985
2069
2070
1856
1443
847
85
-828
-1016
-1608
-2129
-2589
-3000
-3372
-3716
-4032
-4295
-4477
-4546
-4476
-4237
-3897
-3524
-3083
-2541
-1863
-1016
-116
683
1368
1918
2319
2553
2574
2359
1927
1294
476
-508
-1331
-1995
-2584
-3114
-3600
-4058
-4502
-4900
-5236
-5483
-5610
-5590
-5393
-5087
-4736
-4291
-3702
-2919
-1893
-745
307
1239
2026
2642
3064
3183
3008
2563
1873
963
-142
-1650
-2378
-3029
-3621
-4176
-4713
-5251
-5736
-6151
-6468
-6659
-6695
-6546
-6283
-5964
-5525
-4900
-4022
-2828
-1425
-114
1070
2098
2936
3550
3774
3642
3189
2448
1450
230
-1941
-2726
-3430
-4077
-4693
-5301
-5925
-6499
-6996
-7386
-7643
-7737
-7640
-7425
-7144
-6716
-6060
-5093
-3735
-2087
-528
902
2162
3212
4011
4341
4257
3800
3010
1929
596
-2174
-3007
-3756
-4449
-5116
-5785
-6487
-7150
-7727
-8190
-8512
-8664
-8617
-8452
-8210
-7794
-7108
-6053
-4533
-2663
-877
774
2245
3485
4445
4884
4848
4388
3552
2387
944
-2321
-3191
-3974
-4702
-5410
-6131
-6899
-7647
-8301
-8833
-9216
-9422
-9423
-9303
-9097
-8690
-7970
-6823
-5138
-3082
-1107
730
2373
3765
4851
5397
5410
4947
4063
2816
1262
-2352
-3247
-4051
-4803
-5540
-6301
-7125
-7950
-8674
-9269
-9706
-9959
-10000
-9918
-9739
-9333
-8571
-7325
-5467
-3276
-1162
808
2573
4067
5227
5879
5938
5469
4536
3204
1537
-2275
-3181
-3998
-4765
-5524
-6314
-7177
-8058
-8841
-9493
-9981
-10273
-10336
-10205
-9969
-9505
-8691
-7404
-5522
-3253
-1071
963
2788
4343
5566
6165
6189
5697
4751
3413
1743
-2128
-3037
-3857
-4630
-5400
-6211
-7104
-8027
-8855
-9551
-10077
-10395
-10466
-10290
-10001
-9482
-8619
-7294
-5393
-3087
-878
1177
3021
4595
5841
6387
6373
5858
4899
3555
1882
-1925
-2826
-3639
-4409
-5181
-6002
-6915
-7868
-8730
-9457
-10008
-10339
-10407
-10194
-9860
-9295
-8391
-7037
-5125
-2822
-624
1413
3236
4789
6018
6521
6480
5951
4988
3647
1981
-1677
-2561
-3357
-4114
-4878
-5699
-6624
-7594
-8478
-9225
-9789
-10121
-10174
-9937
-9571
-8974
-8042
-6672
-4762
-2499
-351
1631
3395
4891
6066
6544
6496
5973
5026
3707
2067
-1396
-2253
-3023
-3756
-4503
-5314
-6240
-7218
-8111
-8867
-9434
-9756
-9783
-9540
-9160
-8548
-7606
-6239
-4349
-2161
-98
1792
3463
4866
5951
6435
6408
5920
5019
3752
2168
-1096
-1915
-2648
-3348
-4067
-4858
-5775
-6749
-7643
-8398
-8956
-9260
-9251
-9024
-8653
-8048
-7120
-5777
-3930
-1852
92
1859
3403
4678
5641
6169
6205
5791
4975
3800
2312
-813
-1590
-2288
-2957
-3646
-4405
-5283
-6211
-7062
-7786
-8329
-8638
-8660
-8438
-8079
-7499
-6614
-5341
-3593
-1697
82
1703
3124
4301
5194
5734
5820
5495
4801
3780
2474
-574
-1304
-1963
-2597
-3252
-3974
-4810
-5689
-6497
-7188
-7714
-8028
-8081
-7882
-7555
-7019
-6198
-5012
-3384
-1655
-27
1462
2773
3868
4705
5257
5396
5161
4591
3726
2604
-373
-1052
-1667
-2262
-2878
-3559
-4348
-5177
-5941
-6598
-7106
-7423
-7506
-7347
-7067
-6593
-5852
-4771
-3279
-1705
-214
1156
2371
3394
4189
4751
4939
4791
4342
3629
2687
-203
-827
-1395
-1945
-2519
-3155
-3893
-4670
-5388
-6009
-6497
-6815
-6926
-6822
-6605
-6206
-5559
-4598
-3256
-1825
-461
803
1934
2899
3663
4226
4456
4386
4050
3481
2712
-59
-624
-1139
-1642
-2169
-2756
-3439
-4162
-4831
-5415
-5881
-6197
-6333
-6297
-6154
-5842
-5302
-4472
-3293
-1994
-744
423
1481
2398
3144
3694
3952
3947
3711
3272
2662
66
-435
-895
-1346
-1822
-2356
-2981
-3647
-4265
-4808
-5249
-5562
-5721
-5761
-5702
-5487
-5063
-4375
-3368
-2190
-1046
36
1031
1910
2647
3167
3434
3476
3321
2995
2526
188
-245
-648
-1047
-1471
-1947
-2502
-3088
-3628
-4110
-4519
-4842
-5066
-5202
-5260
-5176
-4885
-4321
-3420
-2350
-1288
-268
676
1516
2216
2788
3091
3158
3021
2713
2265
316
-46
-388
-733
-1101
-1514
-1996
-2497
-2956
-3372
-3745
-4075
-4360
-4591
-4767
-4813
-4654
-4215
-3421
-2451
-1466
-504
398
1203
1873
2459
2760
2813
2656
2327
1862
444
156
-122
-407
-716
-1064
-1469
-1881
-2255
-2602
-2935
-3267
-3610
-3939
-4235
-4414
-4390
-4078
-3393
-2517
-1601
-689
176
955
1602
2168
2433
2439
2229
1846
1331
565
355
144
-77
-323
-602
-925
-1246
-1531
-1806
-2096
-2427
-2824
-3255
-3676
-3992
-4108
-3928
-3357
-2567
-1713
-843
-5
754
1386
1905
2106
2036
1745
1278
685
673
545
406
250
72
-133
-371
-597
-790
-990
-1234
-1561
-2010
-2550
-3104
-3565
-3828
-3787
-3337
-2624
-1822
-985
-166
583
1210
1657
1770
1602
1206
634
-60
762
720
657
572
465
336
187
58
-40
-162
-357
-678
-1176
-1835
-2530
-3146
-3565
-3673
-3355
-2708
-1949
-1135
-324
425
1056
1413
1421
1136
616
-79
-895
