                   00001003.B0l 1
                      g_glb.dat 	   5.14 	   2.79 	   0.50 	   1.86 	   0.50 	   0.07 	   0.29 	   0.14
                      g_dir.dat 	   0.00 	 -77.00 	  64.00
                     g_step.dat 	   1.94 	  32.00 	  16.00 	  17.00 	   0.26 	   1.00 	   4.00 	   2.00
                    max_min.dat	    0.61	    0.71	    0.72	    0.67	    0.71	    0.78	    0.64	    0.52	    0.45	    0.45	    0.45	    0.46	    0.50	    0.57	    0.67	    0.78	    0.88	    0.95	    0.98	    1.06	    1.14	    1.21	    1.19	    1.14	    1.16	    1.23	    1.22	    1.20	    1.24	    1.30	    1.37	    1.42	    1.42	    1.44	    1.45	    1.47	    1.48	    1.49	    1.51	    1.52	    1.54	    1.56	    1.57	    1.58	    1.59	    1.60	    1.60	    1.57	    1.52	    1.47	    1.40	    1.31	    1.25	    1.19	    1.13	    1.07	    0.98	    0.93	    0.87	    0.82	    0.76	    0.68	    0.62	    0.56
                    cor_max.dat 	  0.59 	  0.51 	  0.73 	  0.64 	  0.92 	  0.98 	  0.96 	  0.80  
                     correl.dat	    0.12	    0.37	    0.42	    0.48	    0.54	    0.57	    0.57	    0.53	    0.50	    0.49	    0.51	    0.53	    0.57	    0.61	    0.65	    0.67	    0.69	    0.70	    0.72	    0.74	    0.77	    0.79	    0.80	    0.80	    0.81	    0.81	    0.82	    0.81	    0.82	    0.83	    0.84	    0.85	    0.85	    0.85	    0.86	    0.86	    0.86	    0.87	    0.87	    0.87	    0.87	    0.87	    0.88	    0.88	    0.87	    0.87	    0.87	    0.87	    0.86	    0.86	    0.85	    0.84	    0.83	    0.82	    0.81	    0.80	    0.79	    0.78	    0.77	    0.76	    0.74	    0.72	    0.70	    0.67
               max_minValue.dat	    0.62	    0.59	    0.63	   -0.78	    1.42	    1.57	  375.00	 -614.00	  368.00	 -516.00	  378.00	 -526.00	  387.00	 -574.00	  436.00	 -612.00	  498.00	 -641.00	  479.00	 -744.00	  440.00	 -843.00	  432.00	 -961.00	  472.00	 -1049.00	  501.00	 -1118.00	  535.00	 -1159.00	  579.00	 -1167.00	  660.00	 -1153.00	  766.00	 -1143.00	  901.00	 -1153.00	 1023.00	 -1164.00	 1124.00	 -1178.00	 1218.00	 -1243.00	 1383.00	 -1302.00	 1622.00	 -1420.00	 1856.00	 -1539.00	 2051.00	 -1724.00	 2218.00	 -1947.00	 2488.00	 -2136.00	 2766.00	 -2240.00	 3001.00	 -2461.00	 3180.00	 -2646.00	 3444.00	 -2786.00	 3724.00	 -2857.00	 3962.00	 -2892.00	 4113.00	 -2887.00	 4113.00	 -2887.00	 4154.00	 -2882.00	 4180.00	 -2877.00	 4199.00	 -2852.00	 4210.00	 -2837.00	 4205.00	 -2813.00	 4184.00	 -2779.00	 4159.00	 -2739.00	 4086.00	 -2648.00	 4025.00	 -2584.00	 3948.00	 -2511.00	 3849.00	 -2431.00	 3735.00	 -2342.00	 3538.00	 -2213.00	 3395.00	 -2124.00	 3226.00	 -2057.00	 3050.00	 -2013.00	 2874.00	 -1961.00	 2680.00	 -1911.00	 2384.00	 -1815.00	 2181.00	 -1739.00	 1984.00	 -1665.00	 1786.00	 -1581.00	 1595.00	 -1489.00	 1330.00	 -1351.00	 1162.00	 -1251.00	 1010.00	 -1160.00	  872.00	 -1068.00	  750.00	 -986.00	  586.00	 -864.00	  506.00	 -810.00	  422.00	 -748.00
                    cor_cor.dat 	  0.76 	  0.66 	  0.79 	  0.78 	  0.97 	  0.97 	  0.98 	  0.97  
                  direction.dat	   -0.94	   -0.89	   -0.50	   -0.46	   -0.27	   -0.30	   -0.30	   -0.30	   -0.56	   -0.56	   -0.56	   -0.56	   -0.28	   -0.28	   -0.30	   -0.30	   -0.27	   -0.27	   -0.27	   -0.27	   -0.27	   -0.27	   -0.29	   -0.29	   -0.29	   -0.29	   -0.31	   -0.29	   -0.31	   -0.31	   -0.31	   -0.32	   -0.32	   -0.34	   -0.34	   -0.34	   -0.34	   -0.34	   -0.34	   -0.34	   -0.34	   -0.34	   -0.34	   -0.34	   -0.34	   -0.32	   -0.32	   -0.29	   -0.29	   -0.29	   -0.29	   -0.30	   -0.30	   -0.30	   -0.30	   -0.30	   -0.27	   -0.27	   -0.27	   -0.27	   -0.27	   -0.27	   -0.27	   -0.30
                    cor_dir.dat 	  0.60 	  0.61 	  0.65 	  0.56 	  0.23 	  0.45 	  0.44 	 -0.48  
                 StepPoints.dat 	 0.14 	 0.50 	 0.52 	 0.47 	 0.52 	 0.52 	 0.53 	 0.45 	 0.45 	 0.62 	 0.47 	 0.53 	 0.55 	 0.47 	 0.42 	 0.47 	 0.53
                 PointsComp.dat 	 0.11
                dir_changes.dat	    0.00	    0.05	    0.39	    0.04	    0.19	   -0.03	   -0.00	   -0.00	   -0.26	    0.00	    0.00	    0.00	    0.29	    0.00	   -0.02	    0.00	    0.03	    0.00	    0.00	    0.00	    0.00	    0.00	   -0.02	    0.00	    0.00	   -0.00	   -0.02	    0.02	   -0.02	    0.00	    0.00	   -0.01	    0.00	   -0.02	    0.00	    0.00	    0.00	    0.00	    0.00	    0.00	    0.00	    0.00	    0.00	    0.00	    0.00	    0.02	    0.00	    0.03	    0.00	    0.00	   -0.00	   -0.00	    0.00	    0.00	    0.00	    0.00	    0.02	    0.00	    0.00	    0.00	    0.00	    0.00	   -0.00	   -0.02
            cor_dir_changes.dat 	  0.24 	  0.26 	  0.31 	  0.00 	 -0.06 	 -0.73 	  0.55 	 -0.06  
