C:\mcg1204\averaged\00000203.000\00000203.r0l 
20 30
64 674
160
181
224
309
459
693
1034
1445
1869
2292
2703
3088
3435
3736
3986
4175
4295
4335
4285
4187
4094
4011
3942
3892
3866
3876
3930
4022
4148
4303
4482
-267
-189
-83
68
284
583
982
1441
1913
2394
2883
3376
3872
4332
4747
5103
5389
5590
5693
5684
5646
5586
5511
5428
5343
5240
5162
5101
5052
5008
4962
-660
-539
-383
-177
93
443
889
1380
1884
2408
2960
3547
4178
4781
5346
5855
6293
6641
6883
6969
6994
6966
6893
6785
6649
6450
6256
6061
5855
5629
5376
-1015
-868
-679
-436
-128
256
731
1238
1758
2308
2906
3571
4319
5056
5760
6412
6990
7475
7845
8035
8130
8142
8080
7954
7775
7500
7213
6903
6560
6174
5735
-1329
-1177
-977
-718
-394
3
485
991
1509
2067
2694
3417
4266
5129
5966
6753
7465
8080
8572
8873
9047
9107
9063
8928
8714
8387
8029
7629
7172
6649
6047
-1599
-1468
-1282
-1034
-719
-333
130
614
1111
1657
2293
3056
3985
4972
5939
6858
7702
8443
9054
9476
9737
9852
9835
9699
9458
9106
8704
8239
7696
7063
6324
-1822
-1742
-1599
-1391
-1116
-772
-357
84
538
1053
1677
2459
3448
4559
5656
6709
7685
8554
9285
9834
10190
10370
10387
10259
10000
9651
9235
8735
8135
7421
6576
-2005
-1994
-1911
-1759
-1541
-1257
-912
-530
-130
343
948
1739
2774
3972
5174
6347
7459
8478
9372
10004
10430
10666
10728
10631
10392
10044
9618
9097
8467
7710
6811
-2158
-2221
-2204
-2113
-1956
-1739
-1469
-1152
-812
-384
194
989
2063
3338
4634
5916
7153
8312
9359
10071
10563
10852
10954
10886
10664
10330
9907
9380
8732
7947
7007
-2281
-2426
-2483
-2461
-2373
-2231
-2045
-1808
-1541
-1174
-633
150
1252
2585
3955
5329
6673
7953
9136
9935
10501
10851
11001
10969
10771
10466
10062
9544
8893
8093
7128
-2371
-2611
-2753
-2812
-2806
-2750
-2659
-2522
-2351
-2065
-1585
-831
274
1640
3060
4499
5924
7299
8591
9496
10155
10584
10802
10825
10670
10409
10040
9546
8908
8111
7136
-2428
-2777
-3019
-3175
-3265
-3310
-3330
-3323
-3275
-3099
-2709
-2016
-934
430
1866
3338
4810
6247
7614
8655
9437
9976
10290
10398
10317
10117
9800
9346
8739
7961
6993
-2450
-2926
-3287
-3557
-3762
-3926
-4076
-4234
-4347
-4319
-4054
-3459
-2438
-1115
295
1757
3236
4694
6096
7314
8258
8948
9400
9634
9667
9547
9299
8904
8345
7604
6662
-2447
-3033
-3505
-3893
-4226
-4533
-4842
-5148
-5403
-5517
-5399
-4960
-4109
-2893
-1578
-187
1257
2733
4217
5571
6675
7542
8182
8606
8827
8820
8656
8321
7806
7098
6185
-2432
-3116
-3690
-4188
-4639
-5078
-5537
-5992
-6391
-6648
-6678
-6396
-5718
-4627
-3425
-2124
-730
744
2292
3781
5045
6088
6914
7529
7936
8042
7959
7682
7208
6531
5647
-2402
-3169
-3830
-4420
-4976
-5532
-6124
-6721
-7256
-7648
-7819
-7687
-7173
-6225
-5156
-3962
-2639
-1183
410
2020
3428
4632
5631
6421
7001
7218
7218
7000
6568
5923
5068
-2355
-3184
-3910
-4573
-5210
-5862
-6567
-7289
-7943
-8454
-8749
-8751
-8385
-7598
-6680
-5613
-4379
-2960
-1339
362
1885
3222
4363
5300
6023
6357
6442
6287
5901
5292
4470
-2290
-3154
-3918
-4625
-5317
-6037
-6828
-7649
-8397
-9003
-9395
-9505
-9262
-8656
-7908
-6986
-5860
-4497
-2868
-1118
478
1904
3146
4186
5010
5466
5644
5557
5223
4656
3873
-2204
-3069
-3838
-4557
-5271
-6027
-6871
-7756
-8564
-9229
-9686
-9870
-9716
-9309
-8749
-7992
-6993
-5706
-4088
-2345
-733
725
2010
3097
3965
4552
4831
4823
4550
4034
3300
-2103
-2949
-3708
-4422
-5133
-5886
-6722
-7606
-8418
-9099
-9591
-9835
-9773
-9463
-9011
-8373
-7509
-6376
-4932
-3266
-1711
-290
977
2070
2967
3566
3885
3946
3769
3376
2787
-1995
-2802
-3531
-4220
-4909
-5638
-6447
-7304
-8095
-8767
-9269
-9548
-9553
-9329
-8971
-8440
-7699
-6707
-5426
-3873
-2414
-1068
144
1205
2094
2695
3047
3169
3081
2802
2351
-1882
-2632
-3313
-3961
-4611
-5300
-6065
-6874
-7623
-8265
-8757
-9051
-9102
-8950
-8674
-8238
-7607
-6743
-5613
-4204
-2871
-1632
-505
491
1342
1936
2312
2487
2478
2304
1982
-1763
-2443
-3063
-3655
-4252
-4887
-5593
-6339
-7029
-7626
-8090
-8383
-8464
-8372
-8166
-7812
-7278
-6531
-5537
-4297
-3114
-2006
-988
-78
708
1286
1675
1892
1952
1872
1669
-1640
-2239
-2787
-3312
-3845
-4415
-5051
-5721
-6342
-6881
-7306
-7585
-7685
-7640
-7491
-7206
-6756
-6112
-5244
-4189
-3173
-2213
-1321
-514
192
741
1132
1378
1495
1498
1402
-1514
-2023
-2490
-2941
-3402
-3898
-4458
-5044
-5587
-6061
-6441
-6699
-6810
-6799
-6693
-6465
-6088
-5534
-4778
-3917
-3078
-2275
-1520
-827
-209
298
676
939
1099
1172
1169
-1386
-1798
-2175
-2544
-2931
-3361
-3861
-4385
-4876
-5306
-5649
-5875
-5958
-5966
-5882
-5688
-5364
-4893
-4256
-3529
-2830
-2168
-1554
-995
-502
-35
329
599
785
896
942
-1260
-1577
-1868
-2158
-2474
-2842
-3286
-3759
-4208
-4605
-4920
-5126
-5192
-5204
-5128
-4955
-4672
-4271
-3739
-3127
-2549
-2012
-1519
-1076
-690
-281
49
308
500
632
707
-1132
-1356
-1561
-1774
-2020
-2325
-2715
-3141
-3555
-3924
-4220
-4410
-4465
-4467
-4387
-4221
-3967
-3621
-3181
-2674
-2206
-1781
-1399
-1062
-771
-438
-157
72
254
387
475
-1003
-1131
-1248
-1382
-1556
-1796
-2128
-2511
-2890
-3234
-3510
-3686
-3732
-3712
-3614
-3442
-3203
-2900
-2540
-2131
-1770
-1453
-1177
-941
-741
-501
-287
-101
52
172
256
-872
-898
-923
-971
-1068
-1239
-1508
-1844
-2186
-2501
-2755
-2915
-2948
-2893
-2764
-2574
-2336
-2063
-1769
-1463
-1210
-1004
-838
-705
-600
-466
-333
-207
-95
-3
62
-738
-655
-578
-533
-544
-637
-837
-1117
-1415
-1693
-1918
-2055
-2068
-1965
-1792
-1570
-1321
-1066
-825
-631
-497
-412
-365
-346
-344
-330
-292
-239
-182
-131
-98
