                   00000203.B0l 1
                      g_glb.dat 	   2.93 	   1.86 	   0.36 	   0.71 	   3.00 	   0.57 	   0.57 	   1.86
                      g_dir.dat 	   0.00 	 -25.00 	  17.00
                     g_step.dat 	   1.30 	  31.00 	   6.00 	   2.00 	   1.40 	   8.00 	   8.00 	  26.00
                    max_min.dat	    1.26	    1.53	    1.51	    1.46	    1.35	    1.14	    1.01	    0.98	    1.06	    1.17	    1.19	    1.13	    1.05	    1.00	    0.97	    0.93	    0.90	    0.92	    0.95	    0.99	    1.01	    1.02	    1.04	    1.06	    1.08	    1.08	    1.07	    1.07	    1.07	    1.07	    1.10	    1.12	    1.12	    1.12	    1.12	    1.11	    1.12	    1.11	    1.11	    1.11	    1.11	    1.11	    1.11	    1.11	    1.11	    1.11	    1.11	    1.11	    1.11	    1.11	    1.11	    1.11	    1.10	    1.10	    1.09	    1.09	    1.09	    1.07	    1.07	    1.05	    1.05	    1.02	    1.02	    1.03
                    cor_max.dat 	  0.83 	  0.74 	  0.97 	  0.92 	  0.86 	  0.88 	  0.85 	  0.87  
                     correl.dat	    0.50	    0.55	    0.56	    0.60	    0.63	    0.65	    0.66	    0.67	    0.69	    0.70	    0.72	    0.73	    0.74	    0.74	    0.74	    0.74	    0.75	    0.77	    0.79	    0.81	    0.82	    0.83	    0.84	    0.85	    0.86	    0.87	    0.88	    0.89	    0.90	    0.91	    0.91	    0.91	    0.91	    0.91	    0.91	    0.91	    0.91	    0.91	    0.91	    0.91	    0.90	    0.90	    0.89	    0.89	    0.89	    0.88	    0.88	    0.87	    0.87	    0.86	    0.86	    0.85	    0.84	    0.83	    0.82	    0.82	    0.80	    0.79	    0.78	    0.77	    0.76	    0.75	    0.74	    0.72
               max_minValue.dat	    0.87	    0.78	    0.90	   -0.93	    1.12	    1.11	  357.00	 -283.00	  367.00	 -240.00	  385.00	 -255.00	  396.00	 -272.00	  391.00	 -290.00	  380.00	 -333.00	  379.00	 -375.00	  397.00	 -407.00	  448.00	 -422.00	  497.00	 -424.00	  539.00	 -452.00	  566.00	 -501.00	  595.00	 -564.00	  631.00	 -629.00	  664.00	 -688.00	  702.00	 -757.00	  752.00	 -832.00	  826.00	 -901.00	  915.00	 -965.00	 1038.00	 -1048.00	 1158.00	 -1149.00	 1298.00	 -1270.00	 1460.00	 -1407.00	 1645.00	 -1549.00	 1860.00	 -1724.00	 2024.00	 -1871.00	 2164.00	 -2014.00	 2293.00	 -2143.00	 2410.00	 -2257.00	 2531.00	 -2368.00	 2672.00	 -2431.00	 2739.00	 -2451.00	 2739.00	 -2451.00	 2742.00	 -2455.00	 2741.00	 -2455.00	 2729.00	 -2450.00	 2721.00	 -2440.00	 2695.00	 -2420.00	 2677.00	 -2406.00	 2635.00	 -2372.00	 2583.00	 -2328.00	 2553.00	 -2300.00	 2484.00	 -2241.00	 2445.00	 -2207.00	 2363.00	 -2134.00	 2274.00	 -2054.00	 2224.00	 -2008.00	 2124.00	 -1916.00	 2073.00	 -1868.00	 1965.00	 -1774.00	 1911.00	 -1725.00	 1797.00	 -1624.00	 1684.00	 -1526.00	 1626.00	 -1477.00	 1510.00	 -1380.00	 1453.00	 -1331.00	 1342.00	 -1236.00	 1233.00	 -1150.00	 1176.00	 -1103.00	 1070.00	 -1019.00	 1021.00	 -977.00	  923.00	 -901.00	  877.00	 -863.00	  812.00	 -789.00
                    cor_cor.dat 	  0.88 	  0.86 	  0.86 	  0.90 	  0.98 	  0.99 	  0.98 	  0.96  
                  direction.dat	   -0.65	   -0.66	   -0.64	   -0.64	   -0.29	   -0.29	   -0.29	   -0.29	   -0.27	   -0.27	   -0.27	   -0.27	   -0.27	   -0.27	   -0.27	   -0.27	   -0.27	   -0.25	   -0.25	   -0.25	   -0.25	   -0.25	   -0.25	   -0.25	   -0.25	   -0.25	   -0.25	   -0.23	   -0.21	   -0.19	   -0.19	   -0.19	   -0.19	   -0.19	   -0.19	   -0.19	   -0.19	   -0.19	   -0.19	   -0.17	   -0.17	   -0.17	   -0.17	   -0.15	   -0.15	   -0.14	   -0.14	   -0.14	   -0.12	   -0.12	   -0.12	   -0.12	   -0.11	   -0.11	   -0.11	   -0.09	   -0.06	   -0.05	   -0.05	   -0.05	   -0.03	   -0.03	   -0.03	   -0.00
                    cor_dir.dat 	  0.65 	  0.66 	  0.58 	  0.72 	  0.44 	  0.60 	  0.67 	 -0.03  
                 StepPoints.dat 	 0.13 	 0.48 	 0.47 	 0.47 	 0.48 	 0.50 	 0.50 	 0.47 	 0.48 	 0.48 	 0.50 	 0.47 	 0.58 	 0.50 	 0.50 	 0.52 	 0.48
                 PointsComp.dat 	 0.09
                dir_changes.dat	    0.00	   -0.01	    0.02	    0.01	    0.35	   -0.00	    0.00	    0.00	    0.02	    0.00	    0.00	    0.00	    0.00	   -0.00	   -0.00	    0.00	    0.00	    0.02	    0.00	    0.00	    0.00	    0.00	    0.00	    0.00	    0.00	    0.00	    0.00	    0.02	    0.02	    0.02	    0.00	    0.00	    0.00	    0.00	    0.00	    0.00	    0.00	    0.00	    0.00	    0.02	    0.00	    0.00	    0.00	    0.02	    0.00	    0.01	    0.00	    0.00	    0.02	    0.00	    0.00	    0.00	    0.01	    0.00	    0.00	    0.02	    0.03	    0.02	    0.00	    0.00	    0.02	    0.00	    0.00	    0.03
            cor_dir_changes.dat 	  0.11 	 -0.19 	  0.22 	  0.00 	  0.06 	 -0.22 	  0.12 	  0.06  
