D:\SOFTMAG\2008_4_9__15_3_9_14\2008_4_23__15_12_4_69\00005801.r0l 
20 30
64 717
2152
2502
2854
3185
3471
3690
3819
3850
3840
3856
3963
4229
4722
5397
6124
6834
7460
7936
8194
8216
8056
7745
7318
6808
6250
5731
5299
4918
4555
4177
3750
1814
2234
2655
3062
3442
3778
4057
4244
4394
4560
4796
5154
5689
6346
7022
7665
8225
8647
8880
8841
8633
8282
7816
7259
6638
6091
5583
5090
4585
4042
3435
1466
1948
2430
2906
3370
3816
4238
4564
4858
5158
5505
5939
6500
7146
7781
8368
8869
9248
9467
9367
9114
8726
8222
7620
6940
6379
5813
5224
4593
3902
3132
1129
1658
2187
2718
3253
3794
4344
4799
5225
5648
6096
6595
7171
7807
8401
8931
9374
9708
9913
9770
9490
9083
8560
7932
7210
6638
6016
5332
4577
3739
2807
827
1382
1936
2500
3084
3699
4356
4935
5489
6032
6576
7135
7723
8338
8881
9343
9717
9998
10177
10027
9755
9363
8855
8235
7507
6909
6217
5427
4534
3536
2429
581
1134
1686
2255
2860
3521
4256
4961
5645
6309
6952
7573
8173
8748
9219
9593
9879
10085
10219
10113
9899
9573
9131
8570
7885
7235
6446
5520
4462
3276
1967
416
932
1446
1984
2576
3247
4027
4865
5687
6480
7229
7920
8541
9045
9414
9671
9839
9940
10000
10003
9914
9721
9412
8976
8402
7657
6727
5624
4358
2942
1388
331
772
1216
1697
2249
2906
3703
4672
5637
6571
7444
8228
8895
9251
9446
9529
9548
9550
9584
9749
9844
9845
9729
9470
9046
8232
7158
5845
4320
2604
723
273
628
991
1402
1902
2533
3336
4435
5544
6618
7615
8492
9205
9405
9420
9323
9186
9082
9083
9422
9714
9922
10010
9941
9679
8798
7580
6060
4275
2262
55
181
450
730
1070
1519
2123
2930
4137
5366
6558
7656
8602
9338
9402
9256
8998
8725
8534
8522
9022
9497
9897
10175
10282
10169
9252
7921
6225
4212
1931
-569
-4
187
395
675
1081
1668
2491
3759
5062
6326
7480
8450
9163
9136
8875
8502
8139
7906
7926
8547
9164
9717
10145
10387
10382
9489
8106
6294
4114
1627
-1106
-345
-209
-52
187
571
1162
2021
3283
4592
5860
7000
7926
8548
8502
8198
7782
7400
7198
7323
7996
8689
9327
9837
10148
10185
9406
8062
6225
3969
1366
-1510
-902
-790
-653
-421
-26
600
1527
2690
3914
5095
6131
6920
7361
7394
7145
6783
6481
6408
6736
7369
8043
8673
9173
9459
9444
8900
7715
5974
3761
1162
-1736
-1624
-1361
-1084
-749
-311
272
1048
1960
2902
3813
4631
5294
5741
5937
5926
5829
5764
5852
6213
6806
7380
7875
8230
8387
8286
7652
6521
4952
3004
739
-1784
-2395
-1964
-1532
-1079
-584
-26
615
1248
1881
2495
3067
3577
4004
4394
4654
4853
5060
5341
5766
6280
6714
7034
7205
7194
6967
6289
5259
3909
2274
388
-1713
-3169
-2565
-1973
-1397
-839
-303
207
559
882
1196
1520
1875
2279
2870
3408
3910
4393
4874
5372
5780
6048
6167
6129
5925
5546
4854
3954
2854
1561
86
-1564
-3902
-3131
-2385
-1691
-1076
-568
-192
-99
-64
-27
70
292
696
1468
2264
3050
3790
4452
5002
5293
5384
5291
5031
4622
4080
3389
2633
1796
860
-191
-1375
-4550
-3628
-2743
-1948
-1292
-826
-602
-721
-928
-1121
-1201
-1066
-615
293
1301
2325
3278
4075
4632
4809
4725
4422
3943
3331
2628
1935
1322
745
163
-466
-1187
-5069
-4021
-3025
-2154
-1483
-1087
-1041
-1300
-1676
-2029
-2216
-2095
-1527
-552
597
1787
2882
3743
4236
4314
4072
3576
2895
2097
1250
535
45
-289
-536
-764
-1041
-5414
-4452
-3532
-2713
-2058
-1628
-1484
-1724
-2066
-2388
-2566
-2478
-2000
-978
188
1376
2459
3311
3807
3690
3289
2668
1889
1015
108
-406
-701
-842
-889
-906
-955
-5588
-4734
-3911
-3168
-2551
-2110
-1892
-2061
-2317
-2557
-2675
-2567
-2128
-1118
6
1132
2143
2926
3366
3112
2613
1926
1108
216
-690
-1069
-1234
-1244
-1156
-1026
-912
-5611
-4883
-4176
-3525
-2965
-2530
-2255
-2314
-2445
-2563
-2581
-2414
-1976
-1025
11
1027
1921
2588
2925
2587
2041
1340
536
-319
-1175
-1474
-1565
-1501
-1333
-1112
-892
-5506
-4916
-4337
-3791
-3300
-2884
-2565
-2486
-2465
-2434
-2326
-2073
-1609
-749
163
1038
1780
2298
2498
2120
1573
903
158
-617
-1376
-1643
-1708
-1617
-1416
-1153
-873
-5294
-4850
-4407
-3973
-3557
-3167
-2811
-2581
-2393
-2199
-1949
-1596
-1090
-343
425
1136
1707
2054
2097
1718
1208
608
-40
-697
-1321
-1596
-1674
-1596
-1403
-1136
-837
-5000
-4702
-4396
-4077
-3739
-3377
-2986
-2601
-2244
-1884
-1491
-1035
-486
139
758
1298
1688
1857
1736
1386
944
444
-76
-583
-1041
-1354
-1477
-1443
-1289
-1051
-763
-4680
-4479
-4266
-4029
-3758
-3440
-3064
-2560
-2071
-1581
-1076
-543
31
490
920
1275
1511
1584
1447
1188
865
501
119
-259
-612
-824
-921
-924
-856
-740
-597
-4364
-4241
-4102
-3930
-3706
-3413
-3034
-2458
-1883
-1310
-741
-178
376
712
997
1212
1338
1357
1250
1084
884
658
417
169
-74
-184
-253
-291
-308
-312
-314
-4032
-3972
-3894
-3772
-3582
-3301
-2905
-2291
-1665
-1044
-445
112
612
856
1027
1133
1180
1177
1131
1068
1000
924
834
727
600
587
539
459
351
219
66
-3659
-3656
-3629
-3549
-3385
-3107
-2685
-2057
-1402
-754
-148
382
805
975
1050
1065
1051
1044
1076
1134
1216
1305
1384
1435
1444
1512
1469
1332
1118
843
525
-3225
-3274
-3296
-3255
-3114
-2836
-2385
-1751
-1077
-414
189
684
1019
1120
1105
1033
964
958
1074
1277
1532
1811
2082
2316
2484
2610
2550
2333
1989
1549
1042
-2708
-2811
-2883
-2883
-2766
-2490
-2013
-1371
-676
5
609
1069
1319
1344
1230
1064
932
918
1111
1489
1950
2449
2944
3392
3750
3903
3793
3465
2961
2324
1597
