                   00005801.B0l 1
                      g_glb.dat 	  11.57 	   4.14 	   4.14 	   3.29 	   8.43 	   2.50 	   2.86 	   3.07
                      g_dir.dat 	  97.00 	 -13.00 	  42.00
                     g_step.dat 	   6.03 	  63.00 	  66.00 	  39.00 	   4.03 	  43.00 	  43.00 	  43.00
                    max_min.dat	    0.78	    0.76	    0.56	    1.13	    1.42	    2.53	    2.17	    2.95	    1.57	    1.92	    2.15	    2.54	    3.08	    2.58	    2.07	    2.63	    2.91	    3.04	    4.42	    5.15	    3.44	    3.16	    2.49	    2.32	    3.01	    2.58	    2.21	    2.04	    2.04	    2.16	    2.31	    1.81	    1.81	    1.71	    1.64	    1.61	    1.58	    1.59	    1.64	    1.69	    1.83	    2.05	    2.39	    2.85	    2.93	    2.96	    3.01	    3.10	    3.16	    3.35	    3.65	    3.25	    3.04	    2.68	    2.43	    2.22	    2.09	    2.07	    2.01	    2.01	    2.00	    2.01	    2.01	    1.97
                    cor_max.dat 	  0.69 	  0.53 	  0.81 	  0.74 	  0.77 	  0.91 	  0.71 	  0.81  
                     correl.dat	    0.15	    0.57	    0.58	    0.68	    0.65	    0.75	    0.78	    0.80	    0.80	    0.77	    0.74	    0.77	    0.80	    0.81	    0.80	    0.80	    0.74	    0.73	    0.78	    0.81	    0.81	    0.82	    0.82	    0.84	    0.89	    0.91	    0.89	    0.87	    0.89	    0.91	    0.92	    0.90	    0.90	    0.88	    0.87	    0.86	    0.85	    0.84	    0.83	    0.83	    0.83	    0.84	    0.85	    0.85	    0.85	    0.85	    0.84	    0.83	    0.83	    0.82	    0.81	    0.81	    0.80	    0.80	    0.79	    0.78	    0.78	    0.77	    0.76	    0.75	    0.74	    0.73	    0.71	    0.68
               max_minValue.dat	    0.45	    0.41	    0.49	    2.63	    1.81	    3.10	   60.00	  -77.00	   64.00	  -84.00	   52.00	  -93.00	   71.00	  -63.00	   94.00	  -66.00	  101.00	  -40.00	  102.00	  -47.00	  109.00	  -37.00	  108.00	  -69.00	  115.00	  -60.00	  131.00	  -61.00	  145.00	  -57.00	  154.00	  -50.00	  165.00	  -64.00	  174.00	  -84.00	  179.00	  -68.00	  189.00	  -65.00	  213.00	  -70.00	  243.00	  -55.00	  273.00	  -53.00	  268.00	  -78.00	  256.00	  -81.00	  284.00	 -114.00	  313.00	 -135.00	  322.00	 -107.00	  348.00	 -135.00	  365.00	 -165.00	  374.00	 -183.00	  385.00	 -189.00	  403.00	 -187.00	  416.00	 -180.00	  400.00	 -221.00	  400.00	 -221.00	  391.00	 -229.00	  380.00	 -232.00	  374.00	 -233.00	  361.00	 -228.00	  348.00	 -219.00	  335.00	 -204.00	  329.00	 -195.00	  319.00	 -174.00	  310.00	 -151.00	  303.00	 -127.00	  296.00	 -104.00	  293.00	 -100.00	  287.00	  -97.00	  280.00	  -93.00	  273.00	  -88.00	  269.00	  -85.00	  258.00	  -77.00	  248.00	  -68.00	  237.00	  -73.00	  231.00	  -76.00	  220.00	  -82.00	  209.00	  -86.00	  200.00	  -90.00	  192.00	  -92.00	  190.00	  -92.00	  183.00	  -91.00	  177.00	  -88.00	  170.00	  -85.00	  165.00	  -82.00	  155.00	  -77.00	  144.00	  -73.00
                    cor_cor.dat 	  0.91 	  0.79 	  0.91 	  0.96 	  0.96 	  0.97 	  0.96 	  0.96  
                  direction.dat	   -0.75	   -0.77	    0.92	    0.50	    0.27	    0.15	    0.05	    0.48	    0.49	    0.50	    0.25	    0.25	    0.14	    0.38	    0.40	    0.38	    0.15	    0.13	    0.13	    0.43	    0.41	    0.35	    0.29	    0.29	    0.33	    0.40	    0.40	    0.37	    0.37	    0.37	    0.43	    0.45	    0.45	    0.45	    0.45	    0.45	    0.45	    0.45	    0.45	    0.45	    0.42	    0.42	    0.42	    0.42	    0.37	    0.33	    0.30	    0.30	    0.30	    0.30	    0.01	    0.01	    0.01	    0.02	   -0.00	   -0.00	   -0.00	   -0.01	   -0.02	   -0.02	   -0.02	   -0.02	   -0.02	   -0.02
                    cor_dir.dat 	 -0.10 	  0.41 	 -0.65 	 -0.55 	 -0.38 	 -0.39 	 -0.43 	 -0.20  
                 StepPoints.dat 	 0.40 	 0.56 	 0.38 	 0.64 	 0.52 	 0.61 	 0.53 	 0.64 	 0.56 	 0.55 	 0.55 	 0.62 	 0.45 	 0.42 	 0.45 	 0.42 	 0.53
                 PointsComp.dat 	 0.32
                dir_changes.dat	    0.00	   -0.02	    1.68	   -0.42	   -0.23	   -0.12	   -0.10	    0.42	    0.01	    0.01	   -0.25	    0.00	   -0.11	    0.25	    0.01	   -0.01	   -0.24	   -0.02	    0.00	    0.30	   -0.02	   -0.06	   -0.06	    0.00	    0.05	    0.07	    0.00	   -0.03	    0.00	    0.00	    0.06	    0.02	    0.00	    0.00	    0.00	    0.00	    0.00	   -0.01	    0.00	    0.00	   -0.03	    0.00	    0.00	    0.00	   -0.05	   -0.04	   -0.03	    0.00	    0.00	    0.00	   -0.29	    0.00	    0.00	    0.01	   -0.02	    0.00	    0.00	   -0.01	   -0.01	    0.00	    0.00	    0.00	    0.00	    0.00
            cor_dir_changes.dat 	 -0.05 	  0.04 	 -0.22 	  0.00 	  0.03 	  0.00 	  0.06 	 -0.03  
