D:\SOFTMAG\averaged\00000102.000\00000102.R0l 
20 30
64 875
-936
-1394
-1796
-2096
-2244
-2195
-1900
-1382
-760
-129
413
772
853
623
234
-145
-342
-186
495
1592
2827
4114
5366
6498
7424
7915
7858
7337
6440
5251
3856
-1287
-1714
-2080
-2334
-2430
-2319
-1952
-1424
-797
-156
413
828
1002
961
765
559
489
701
1340
2238
3247
4294
5307
6213
6939
7371
7332
6895
6132
5116
3920
-1646
-2045
-2375
-2587
-2632
-2460
-2023
-1489
-861
-214
377
842
1105
1246
1237
1199
1250
1511
2101
2825
3634
4469
5270
5976
6528
6890
6858
6492
5852
4999
3991
-1995
-2374
-2678
-2857
-2860
-2638
-2141
-1593
-957
-296
326
849
1209
1521
1689
1807
1968
2267
2798
3371
4003
4648
5259
5789
6190
6470
6434
6129
5602
4899
4069
-2315
-2692
-2988
-3151
-3130
-2874
-2334
-1751
-1087
-392
281
882
1360
1828
2157
2417
2674
2997
3453
3894
4368
4842
5282
5653
5923
6110
6060
5805
5380
4818
4155
-2588
-2988
-3300
-3472
-3452
-3188
-2629
-1981
-1255
-494
262
975
1602
2207
2680
3062
3396
3724
4088
4411
4742
5059
5343
5572
5724
5809
5734
5519
5186
4755
4248
-2796
-3251
-3612
-3826
-3840
-3601
-3057
-2296
-1465
-592
292
1161
1983
2703
3296
3778
4166
4476
4724
4940
5138
5311
5449
5546
5592
5565
5456
5272
5021
4711
4352
-2939
-3530
-4012
-4322
-4398
-4177
-3595
-2671
-1664
-611
453
1493
2472
3270
3919
4435
4835
5134
5349
5425
5487
5528
5540
5514
5443
5441
5362
5214
5005
4742
4435
-3062
-3799
-4413
-4829
-4976
-4782
-4174
-3080
-1892
-652
596
1812
2955
3820
4516
5057
5459
5738
5909
5851
5783
5699
5589
5447
5265
5288
5239
5128
4961
4745
4490
-3213
-4089
-4827
-5344
-5557
-5384
-4743
-3496
-2144
-735
681
2058
3346
4277
5016
5580
5982
6238
6364
6201
6034
5854
5654
5426
5163
5199
5169
5082
4945
4766
4551
-3435
-4430
-5271
-5866
-6122
-5948
-5252
-3891
-2415
-876
668
2166
3562
4562
5350
5940
6347
6585
6669
6458
6246
6025
5789
5531
5242
5267
5233
5147
5016
4848
4650
-3777
-4851
-5757
-6392
-6654
-6442
-5653
-4240
-2700
-1093
519
2076
3516
4598
5446
6075
6498
6729
6784
6603
6426
6244
6052
5842
5607
5585
5510
5390
5230
5037
4820
-4283
-5383
-6300
-6921
-7135
-6830
-5895
-4514
-2994
-1403
191
1724
3126
4308
5235
5920
6378
6622
6666
6619
6580
6542
6498
6440
6363
6247
6084
5880
5643
5379
5096
-4914
-5810
-6544
-7022
-7148
-6829
-5970
-4690
-3286
-1812
-327
1114
2455
3575
4474
5177
5710
6097
6365
6603
6832
7040
7213
7339
7406
7308
7100
6794
6403
5940
5417
-5582
-6253
-6782
-7093
-7110
-6755
-5952
-4811
-3560
-2243
-906
406
1649
2712
3587
4313
4926
5462
5960
6503
7021
7494
7906
8236
8468
8377
8113
7694
7139
6466
5693
-6259
-6699
-7018
-7158
-7059
-6663
-5911
-4931
-3854
-2715
-1547
-385
737
1742
2594
3342
4034
4720
5447
6291
7094
7831
8478
9010
9403
9330
9020
8499
7790
6917
5905
-6915
-7136
-7257
-7236
-7033
-6607
-5916
-5101
-4204
-3247
-2254
-1247
-250
691
1513
2277
3043
3871
4822
5941
7003
7976
8831
9538
10066
10042
9719
9127
8295
7255
6035
-7524
-7553
-7502
-7348
-7069
-6640
-6039
-5377
-4647
-3861
-3030
-2166
-1281
-415
365
1133
1960
2919
4082
5426
6696
7855
8869
9700
10313
10392
10107
9497
8595
7439
6065
-8057
-7937
-7759
-7516
-7204
-6817
-6349
-5811
-5220
-4575
-3877
-3128
-2327
-1553
-831
-76
794
1866
3223
4718
6123
7395
8493
9375
10000
10254
10082
9527
8629
7432
5977
-8470
-8392
-8248
-8029
-7724
-7325
-6822
-6370
-5862
-5297
-4676
-4000
-3270
-2441
-1664
-867
17
1062
2335
3800
5182
6444
7553
8473
9168
9389
9247
8775
8009
6984
5735
-8751
-8748
-8672
-8510
-8247
-7870
-7365
-6956
-6488
-5960
-5374
-4729
-4027
-3163
-2350
-1532
-653
342
1513
2883
4175
5362
6415
7306
8007
8222
8135
7774
7166
6340
5325
-8913
-9011
-9029
-8949
-8753
-8423
-7942
-7542
-7080
-6555
-5969
-5321
-4612
-3730
-2900
-2078
-1223
-291
758
1978
3127
4184
5127
5936
6589
6814
6799
6564
6131
5521
4755
-8970
-9186
-9315
-9335
-9224
-8959
-8519
-8102
-7620
-7072
-6460
-5783
-5042
-4157
-3323
-2512
-1695
-843
71
1099
2063
2947
3739
4423
4986
5227
5289
5186
4933
4544
4034
-8937
-9281
-9530
-9658
-9640
-9450
-9060
-8609
-8089
-7501
-6845
-6122
-5331
-4454
-3629
-2840
-2073
-1312
-544
261
1008
1690
2300
2829
3270
3522
3656
3681
3604
3431
3171
-8829
-9300
-9670
-9908
-9985
-9869
-9531
-9035
-8469
-7832
-7123
-6344
-5495
-4635
-3827
-3069
-2361
-1701
-1088
-523
-11
449
857
1213
1515
1762
1953
2090
2172
2201
2176
-8681
-9243
-9703
-10026
-10180
-10128
-9836
-9293
-8681
-8002
-7256
-6447
-5574
-4728
-3943
-3225
-2583
-2023
-1555
-1196
-887
-626
-408
-230
-88
169
406
618
803
955
1072
-8514
-9134
-9652
-10029
-10227
-10207
-9931
-9364
-8731
-8034
-7277
-6461
-5590
-4755
-3989
-3309
-2731
-2270
-1943
-1760
-1628
-1538
-1482
-1453
-1441
-1231
-1007
-776
-547
-328
-128
-8314
-8968
-9520
-9927
-10146
-10134
-9849
-9275
-8637
-7939
-7185
-6380
-5527
-4703
-3958
-3315
-2801
-2439
-2254
-2231
-2258
-2323
-2413
-2515
-2618
-2503
-2338
-2136
-1909
-1671
-1433
-8065
-8739
-9310
-9730
-9955
-9935
-9626
-9052
-8417
-7726
-6984
-6197
-5369
-4560
-3838
-3236
-2789
-2529
-2489
-2622
-2804
-3018
-3249
-3478
-3691
-3706
-3637
-3500
-3313
-3092
-2853
-7755
-8440
-9022
-9450
-9672
-9638
-9297
-8723
-8090
-7405
-6674
-5904
-5102
-4313
-3620
-3065
-2691
-2539
-2651
-2946
-3289
-3660
-4038
-4402
-4731
-4903
-4956
-4911
-4788
-4610
-4397
-7369
-8066
-8660
-9096
-9317
-9269
-8898
-8314
-7675
-6986
-6257
-5496
-4710
-3949
-3295
-2796
-2504
-2468
-2741
-3216
-3739
-4286
-4830
-5347
-5812
-6155
-6346
-6407
-6366
-6246
-6074
