                   00000102.B0l 1
                      g_glb.dat 	   5.79 	   2.43 	   2.36 	   0.93 	   5.00 	   3.36 	   1.43 	   0.21
                      g_dir.dat 	  26.00 	 -24.00 	  20.00
                     g_step.dat 	   3.03 	  34.00 	  36.00 	  18.00 	   2.38 	  39.00 	  28.00 	   6.00
                    max_min.dat	    2.47	    1.50	    1.24	    1.19	    1.12	    1.15	    1.10	    0.92	    0.74	    0.86	    1.13	    1.62	    1.49	    1.56	    1.83	    2.10	    1.91	    1.68	    1.76	    2.03	    2.19	    2.43	    2.51	    2.56	    2.14	    1.95	    1.96	    1.98	    2.16	    2.16	    2.00	    1.86	    1.86	    1.85	    1.84	    1.84	    1.87	    1.89	    1.92	    1.96	    1.99	    2.04	    2.06	    2.07	    2.06	    2.05	    2.02	    1.99	    1.91	    1.87	    1.77	    1.70	    1.63	    1.49	    1.39	    1.25	    1.21	    1.18	    1.15	    1.13	    1.12	    1.10	    1.07	    1.05
                    cor_max.dat 	  0.87 	  0.86 	  0.92 	  0.85 	  0.89 	  0.87 	  0.89 	  0.92  
                     correl.dat	    0.57	    0.32	    0.07	    0.20	    0.36	    0.45	    0.44	    0.28	   -0.07	    0.15	    0.33	    0.38	    0.36	    0.43	    0.55	    0.61	    0.64	    0.70	    0.74	    0.74	    0.75	    0.78	    0.80	    0.79	    0.77	    0.75	    0.76	    0.79	    0.81	    0.81	    0.82	    0.83	    0.83	    0.84	    0.84	    0.85	    0.85	    0.85	    0.85	    0.85	    0.85	    0.85	    0.85	    0.85	    0.85	    0.85	    0.84	    0.84	    0.84	    0.83	    0.83	    0.82	    0.82	    0.81	    0.80	    0.78	    0.76	    0.75	    0.72	    0.70	    0.67	    0.65	    0.61	    0.58
               max_minValue.dat	    0.51	    0.48	    0.54	    2.10	    1.86	    1.99	 1264.00	 -512.00	  993.00	 -660.00	  876.00	 -704.00	  918.00	 -773.00	  994.00	 -885.00	 1065.00	 -930.00	 1073.00	 -979.00	  972.00	 -1057.00	  815.00	 -1105.00	  940.00	 -1093.00	 1108.00	 -978.00	 1212.00	 -748.00	 1168.00	 -783.00	 1129.00	 -726.00	 1214.00	 -663.00	 1313.00	 -626.00	 1297.00	 -679.00	 1277.00	 -761.00	 1336.00	 -759.00	 1410.00	 -694.00	 1603.00	 -731.00	 1917.00	 -790.00	 2213.00	 -882.00	 2512.00	 -982.00	 2856.00	 -1333.00	 3166.00	 -1623.00	 3439.00	 -1758.00	 3814.00	 -1927.00	 4265.00	 -1977.00	 4438.00	 -2052.00	 4377.00	 -2191.00	 4208.00	 -2258.00	 4208.00	 -2258.00	 4157.00	 -2244.00	 4077.00	 -2218.00	 4023.00	 -2181.00	 3945.00	 -2111.00	 3891.00	 -2063.00	 3801.00	 -1975.00	 3751.00	 -1913.00	 3673.00	 -1850.00	 3573.00	 -1751.00	 3483.00	 -1687.00	 3330.00	 -1611.00	 3217.00	 -1562.00	 3104.00	 -1514.00	 2898.00	 -1438.00	 2761.00	 -1390.00	 2536.00	 -1328.00	 2383.00	 -1276.00	 2148.00	 -1215.00	 1999.00	 -1176.00	 1851.00	 -1139.00	 1625.00	 -1089.00	 1487.00	 -1069.00	 1311.00	 -1048.00	 1246.00	 -1028.00	 1180.00	 -1001.00	 1090.00	 -951.00	 1024.00	 -910.00	  936.00	 -837.00	  869.00	 -790.00	  779.00	 -726.00	  726.00	 -692.00
                    cor_cor.dat 	  0.57 	  0.64 	  0.63 	  0.48 	  0.96 	  0.96 	  0.96 	  0.96  
                  direction.dat	    0.05	    0.02	   -0.60	   -0.60	   -0.59	   -0.59	   -0.61	   -0.61	   -0.00	    0.02	    0.02	    0.02	    0.78	    0.37	    0.37	    0.37	    0.37	    0.37	    0.35	    0.35	    0.29	    0.32	    0.35	    0.29	    0.27	    0.27	   -0.08	   -0.08	   -0.08	   -0.06	   -0.06	   -0.06	   -0.06	   -0.06	   -0.04	   -0.05	   -0.03	   -0.03	   -0.03	   -0.03	   -0.03	   -0.03	   -0.01	    0.01	    0.03	    0.03	    0.03	    0.03	    0.03	    0.02	    0.01	    0.01	    0.01	   -0.01	   -0.01	   -0.13	   -0.13	   -0.13	   -0.13	   -0.13	   -0.13	   -0.13	   -0.13	   -0.15
                    cor_dir.dat 	  0.46 	  0.36 	  0.51 	  0.47 	 -0.41 	  0.78 	 -0.57 	 -0.46  
                 StepPoints.dat 	 0.23 	 0.56 	 0.67 	 0.59 	 0.66 	 0.61 	 0.59 	 0.50 	 0.64 	 0.58 	 0.58 	 0.62 	 0.64 	 0.58 	 0.61 	 0.59 	 0.56
                 PointsComp.dat 	 0.23
                dir_changes.dat	    0.00	   -0.03	   -0.63	    0.00	    0.01	    0.00	   -0.02	    0.00	    0.61	    0.02	    0.00	    0.00	    0.75	   -0.41	    0.00	    0.00	    0.00	    0.00	   -0.02	    0.00	   -0.07	    0.03	    0.03	   -0.07	   -0.02	    0.00	   -0.34	    0.00	    0.00	    0.01	    0.00	    0.00	    0.00	    0.00	    0.02	   -0.01	    0.02	    0.00	    0.00	    0.00	    0.00	    0.00	    0.02	    0.02	    0.02	    0.00	    0.00	    0.00	    0.00	   -0.01	   -0.01	    0.00	    0.00	   -0.02	    0.00	   -0.12	    0.00	    0.00	    0.00	    0.00	    0.00	    0.00	    0.00	   -0.01
            cor_dir_changes.dat 	 -0.12 	 -0.16 	  0.52 	  0.00 	 -0.03 	  0.00 	  0.22 	 -0.04  
