D:\SOFTMAG\averaged\00000101.000\00000101.R0l 
20 30
64 840
-257
407
993
1472
1816
1998
1991
1867
1708
1499
1223
862
401
-89
-511
-839
-1049
-1116
-1017
-759
-379
112
703
1381
2134
2928
3749
4608
5517
6488
7535
86
640
1127
1520
1791
1910
1850
1771
1663
1518
1327
1082
776
431
158
-21
-90
-30
177
442
803
1251
1776
2370
3023
3775
4550
5355
6201
7097
8052
352
798
1191
1503
1704
1765
1657
1624
1567
1486
1381
1253
1104
889
752
705
762
935
1237
1519
1871
2285
2755
3275
3838
4551
5282
6037
6822
7645
8511
548
899
1210
1452
1594
1609
1465
1461
1437
1403
1367
1340
1330
1236
1223
1300
1473
1749
2135
2455
2816
3215
3649
4115
4608
5278
5962
6664
7386
8132
8907
684
959
1207
1397
1500
1487
1326
1316
1291
1269
1268
1306
1400
1422
1530
1725
2010
2384
2849
3233
3631
4043
4469
4907
5357
5977
6607
7248
7899
8562
9237
770
995
1205
1370
1460
1444
1292
1224
1145
1083
1064
1115
1261
1399
1627
1941
2337
2809
3353
3838
4309
4770
5223
5670
6114
6671
7234
7800
8368
8934
9497
816
1022
1228
1402
1512
1528
1418
1220
1017
845
738
730
859
1117
1470
1908
2420
2995
3624
4253
4843
5397
5922
6423
6905
7381
7859
8333
8799
9251
9684
853
1149
1437
1676
1827
1847
1697
1335
964
625
361
216
233
541
962
1493
2131
2872
3713
4513
5256
5944
6579
7162
7696
8162
8585
8963
9294
9577
9810
867
1260
1639
1953
2152
2186
2005
1459
899
375
-62
-364
-478
-124
360
980
1739
2642
3692
4668
5572
6400
7152
7825
8417
8877
9248
9533
9733
9850
9887
793
1281
1747
2133
2378
2422
2207
1497
767
76
-518
-957
-1183
-804
-275
414
1276
2321
3560
4715
5780
6750
7621
8385
9038
9499
9826
10026
10102
10061
9909
567
1135
1675
2118
2395
2436
2172
1353
509
-293
-988
-1509
-1792
-1421
-883
-158
770
1923
3316
4646
5870
6980
7966
8818
9529
10002
10297
10422
10387
10200
9870
123
746
1335
1810
2093
2104
1766
931
67
-752
-1455
-1965
-2211
-1899
-1402
-692
253
1462
2960
4457
5832
7073
8166
9099
9859
10361
10639
10705
10573
10255
9764
-601
40
639
1109
1362
1307
859
138
-615
-1323
-1902
-2271
-2349
-2162
-1771
-1143
-245
955
2492
4143
5656
7015
8202
9203
10000
10549
10829
10856
10646
10217
9584
-1525
-1110
-709
-383
-191
-192
-446
-890
-1335
-1737
-2049
-2226
-2223
-2046
-1737
-1239
-495
552
1960
3592
5144
6590
7899
9044
9996
10558
10813
10789
10516
10021
9333
-2495
-2320
-2136
-1971
-1855
-1820
-1894
-2017
-2108
-2159
-2160
-2100
-1971
-1827
-1624
-1279
-711
160
1416
3013
4589
6106
7521
8795
9887
10471
10710
10646
10318
9767
9034
-3460
-3537
-3577
-3582
-3552
-3488
-3393
-3180
-2903
-2589
-2263
-1952
-1681
-1579
-1489
-1306
-923
-236
861
2399
3977
5542
7041
8421
9630
10256
10500
10414
10052
9465
8707
-4375
-4704
-4970
-5146
-5204
-5115
-4851
-4317
-3687
-3023
-2386
-1839
-1443
-1376
-1393
-1364
-1159
-650
294
1744
3294
4877
6430
7887
9183
9881
10160
10084
9717
9125
8373
-5190
-5766
-6253
-6595
-6734
-6614
-6176
-5367
-4430
-3461
-2559
-1821
-1344
-1291
-1393
-1497
-1450
-1096
-284
1042
2526
4091
5660
7157
8503
9315
9670
9644
9314
8758
8052
-5859
-6668
-7363
-7858
-8066
-7901
-7277
-6268
-5099
-3901
-2808
-1955
-1475
-1398
-1549
-1751
-1824
-1590
-873
284
1659
3162
4704
6196
7550
8526
9008
9084
8842
8373
7765
-6335
-7139
-7837
-8354
-8612
-8535
-8048
-6990
-5782
-4545
-3399
-2464
-1861
-1845
-2025
-2241
-2329
-2127
-1472
-385
902
2312
3762
5170
6455
7477
8051
8257
8178
7894
7487
-6621
-7394
-8071
-8584
-8867
-8854
-8478
-7460
-6304
-5117
-4007
-3081
-2445
-2457
-2636
-2835
-2908
-2705
-2082
-1059
151
1475
2840
4171
5396
6451
7105
7431
7502
7393
7176
-6741
-7463
-8095
-8583
-8870
-8898
-8613
-7710
-6680
-5618
-4618
-3774
-3181
-3197
-3351
-3511
-3543
-3318
-2702
-1731
-588
661
1952
3218
4393
5465
6183
6611
6816
6864
6821
-6720
-7371
-7942
-8387
-8659
-8712
-8499
-7769
-6925
-6048
-5218
-4517
-4025
-4030
-4142
-4245
-4222
-3957
-3332
-2400
-1309
-118
1113
2328
3467
4535
5294
5802
6119
6303
6411
-6580
-7146
-7642
-8030
-8273
-8336
-8181
-7670
-7056
-6408
-5793
-5278
-4932
-4917
-4979
-5017
-4930
-4616
-3974
-3061
-2004
-855
335
1518
2640
3676
4449
5011
5412
5704
5936
-6346
-6817
-7227
-7547
-7751
-7813
-7707
-7443
-7089
-6699
-6328
-6029
-5859
-5822
-5832
-5804
-5651
-5287
-4627
-3711
-2667
-1537
-365
805
1934
2904
3659
4241
4695
5062
5386
-6081
-6398
-6675
-6902
-7071
-7173
-7197
-7153
-7034
-6885
-6748
-6667
-6686
-6735
-6798
-6781
-6587
-6122
-5290
-4296
-3190
-2020
-832
324
1403
2470
3270
3848
4253
4532
4733
-5817
-5983
-6132
-6272
-6410
-6554
-6713
-6858
-6944
-7005
-7072
-7178
-7356
-7518
-7663
-7684
-7478
-6940
-5966
-4858
-3653
-2406
-1167
11
1076
2188
2978
3498
3801
3939
3963
-5531
-5547
-5568
-5620
-5727
-5916
-6211
-6528
-6804
-7058
-7314
-7591
-7911
-8209
-8455
-8536
-8339
-7749
-6653
-5398
-4063
-2706
-1383
-151
932
2040
2773
3187
3340
3288
3088
-5198
-5061
-4952
-4912
-4986
-5215
-5642
-6132
-6596
-7045
-7487
-7935
-8398
-8843
-9205
-9360
-9184
-8556
-7351
-5921
-4427
-2931
-1495
-181
950
2011
2644
2909
2869
2584
2117
-4794
-4498
-4251
-4114
-4147
-4409
-4963
-5639
-6306
-6962
-7607
-8240
-8859
-9459
-9942
-10176
-10029
-9368
-8061
-6429
-4751
-3091
-1517
-95
1110
2086
2580
2659
2388
1833
1060
-4297
-3829
-3435
-3189
-3171
-3457
-4126
-5018
-5917
-6811
-7687
-8534
-9340
-10092
-10695
-11007
-10887
-10192
-8782
-6927
-5042
-3197
-1463
88
1389
2248
2571
2431
1896
1038
-71
