                   00000101.B0l 1
                      g_glb.dat 	   8.57 	   3.43 	   2.71 	   1.86 	   2.71 	   1.57 	   0.07 	   1.07
                      g_dir.dat 	  24.00 	 -12.00 	  17.00
                     g_step.dat 	   4.06 	  48.00 	  42.00 	  18.00 	   1.31 	   8.00 	   1.00 	  17.00
                    max_min.dat	    1.21	    1.17	    0.79	    0.76	    0.76	    0.90	    1.18	    1.42	    1.31	    1.11	    1.17	    1.22	    1.01	    0.81	    0.81	    1.00	    1.30	    1.45	    1.51	    1.60	    1.73	    1.99	    2.26	    2.37	    2.28	    2.23	    2.34	    2.47	    2.16	    2.12	    2.18	    2.06	    2.06	    1.98	    1.89	    1.84	    1.77	    1.69	    1.63	    1.59	    1.59	    1.57	    1.56	    1.57	    1.57	    1.59	    1.61	    1.63	    1.65	    1.66	    1.65	    1.67	    1.66	    1.65	    1.65	    1.63	    1.63	    1.57	    1.50	    1.45	    1.33	    1.29	    1.20	    1.07
                    cor_max.dat 	  0.76 	  0.66 	  0.77 	  0.96 	  0.94 	  0.89 	  0.98 	  0.98  
                     correl.dat	    0.68	    0.33	   -0.47	   -0.49	   -0.50	   -0.49	   -0.38	    0.03	    0.24	    0.34	    0.46	    0.51	    0.52	    0.53	    0.57	    0.64	    0.69	    0.73	    0.75	    0.76	    0.79	    0.81	    0.82	    0.81	    0.81	    0.82	    0.84	    0.85	    0.85	    0.86	    0.87	    0.88	    0.88	    0.88	    0.88	    0.88	    0.88	    0.87	    0.87	    0.87	    0.87	    0.87	    0.87	    0.87	    0.87	    0.86	    0.86	    0.86	    0.86	    0.85	    0.84	    0.84	    0.84	    0.83	    0.82	    0.81	    0.81	    0.80	    0.78	    0.77	    0.75	    0.74	    0.72	    0.69
               max_minValue.dat	    0.54	    0.45	    0.59	    1.00	    2.06	    1.63	  529.00	 -438.00	  360.00	 -308.00	  281.00	 -354.00	  337.00	 -443.00	  369.00	 -484.00	  382.00	 -424.00	  431.00	 -365.00	  489.00	 -344.00	  499.00	 -380.00	  502.00	 -452.00	  526.00	 -449.00	  537.00	 -441.00	  556.00	 -551.00	  590.00	 -727.00	  661.00	 -817.00	  774.00	 -773.00	  846.00	 -651.00	  914.00	 -631.00	 1010.00	 -670.00	 1190.00	 -743.00	 1395.00	 -808.00	 1565.00	 -785.00	 1760.00	 -778.00	 1990.00	 -839.00	 2259.00	 -989.00	 2567.00	 -1153.00	 2765.00	 -1180.00	 2842.00	 -1151.00	 2869.00	 -1329.00	 2891.00	 -1363.00	 2968.00	 -1360.00	 2982.00	 -1446.00	 2982.00	 -1446.00	 2948.00	 -1491.00	 2904.00	 -1538.00	 2871.00	 -1560.00	 2805.00	 -1585.00	 2728.00	 -1610.00	 2653.00	 -1626.00	 2564.00	 -1617.00	 2532.00	 -1597.00	 2457.00	 -1568.00	 2381.00	 -1525.00	 2306.00	 -1471.00	 2231.00	 -1419.00	 2200.00	 -1388.00	 2113.00	 -1309.00	 2028.00	 -1245.00	 1942.00	 -1177.00	 1846.00	 -1111.00	 1747.00	 -1057.00	 1702.00	 -1022.00	 1604.00	 -965.00	 1503.00	 -909.00	 1404.00	 -852.00	 1317.00	 -806.00	 1275.00	 -783.00	 1175.00	 -749.00	 1077.00	 -716.00	  990.00	 -681.00	  893.00	 -671.00	  852.00	 -660.00	  781.00	 -650.00	  698.00	 -652.00
                    cor_cor.dat 	 -0.34 	  0.39 	 -0.76 	  0.26 	  0.97 	  0.98 	  0.97 	  0.97  
                  direction.dat	    0.09	   -0.27	   -0.61	   -0.63	   -0.28	   -0.30	   -0.60	    0.50	    0.50	    0.35	    0.35	    0.35	    0.35	    0.35	    0.35	    0.36	    0.36	    0.36	   -0.15	   -0.13	   -0.13	   -0.12	   -0.12	   -0.11	   -0.10	   -0.10	   -0.09	   -0.10	    0.19	    0.20	    0.18	    0.13	    0.13	    0.13	    0.13	    0.12	    0.12	    0.12	    0.12	    0.12	    0.09	    0.09	    0.09	    0.09	    0.09	    0.09	    0.09	    0.09	    0.08	    0.08	    0.08	    0.08	    0.08	    0.08	    0.08	    0.08	   -0.12	   -0.13	   -0.13	   -0.13	    0.06	    0.06	    0.06	    0.05
                    cor_dir.dat 	  0.30 	  0.42 	  0.58 	 -0.33 	 -0.26 	 -0.77 	 -0.86 	  0.35  
                 StepPoints.dat 	 0.19 	 0.59 	 0.64 	 0.61 	 0.58 	 0.62 	 0.61 	 0.61 	 0.59 	 0.56 	 0.61 	 0.64 	 0.56 	 0.52 	 0.55 	 0.55 	 0.48
                 PointsComp.dat 	 0.18
                dir_changes.dat	    0.00	   -0.36	   -0.34	   -0.02	    0.35	   -0.02	   -0.30	    1.10	    0.00	   -0.15	    0.00	    0.00	    0.00	    0.00	    0.00	    0.01	    0.00	    0.00	   -0.51	    0.02	    0.00	    0.01	    0.00	    0.01	    0.01	    0.00	    0.01	   -0.01	    0.29	    0.00	   -0.02	   -0.05	    0.00	    0.00	    0.00	   -0.01	    0.00	    0.00	    0.00	    0.00	   -0.03	    0.00	    0.00	    0.00	    0.00	    0.00	    0.00	    0.00	   -0.01	    0.00	    0.00	    0.00	    0.00	    0.00	    0.00	    0.00	   -0.20	   -0.01	    0.00	    0.00	    0.19	    0.00	    0.00	   -0.01
            cor_dir_changes.dat 	 -0.24 	 -0.66 	  0.21 	 -0.00 	 -0.03 	  0.00 	  0.00 	 -0.03  
