D:\Арсен 20-06-11\Новая папка (2)\CRYOTON\AVERAGED\00001801.000\00001801.R0l 
20 30
64 768
-95
-580
-1009
-1220
-1055
-353
1045
2980
5038
6993
8621
9698
10000
9555
8653
7458
6135
4849
3764
3040
2675
2586
2691
2908
3155
3211
2968
2508
1912
1264
646
-413
-737
-1010
-1103
-885
-224
1008
2626
4342
5978
7355
8293
8612
8379
7765
6907
5943
5009
4242
3714
3454
3393
3463
3596
3722
3629
3255
2669
1940
1136
326
-727
-900
-1030
-1015
-754
-146
910
2230
3626
4965
6111
6930
7288
7241
6890
6344
5712
5105
4633
4301
4147
4116
4152
4202
4210
3985
3499
2807
1963
1022
40
-1001
-1038
-1039
-932
-644
-103
762
1794
2879
3928
4853
5563
5970
6091
5984
5732
5415
5117
4921
4788
4743
4745
4751
4721
4614
4274
3693
2911
1969
908
-228
-1195
-1117
-1009
-828
-533
-79
575
1316
2088
2846
3547
4146
4599
4878
5004
5034
5022
5022
5090
5163
5232
5271
5252
5147
4930
4491
3829
2972
1947
782
-495
-1273
-1102
-909
-680
-401
-58
361
798
1242
1695
2158
2631
3116
3549
3906
4215
4503
4798
5128
5412
5602
5686
5648
5475
5154
4629
3901
2982
1887
630
-775
-1197
-962
-712
-462
-227
-24
133
239
329
451
650
972
1463
2053
2645
3237
3829
4423
5019
5523
5843
5979
5932
5700
5285
4684
3899
2930
1777
439
-1083
-988
-779
-551
-333
-160
-61
-69
-296
-544
-740
-812
-687
-293
489
1322
2188
3072
3958
4829
5470
5878
6062
6029
5788
5346
4662
3810
2782
1569
163
-1441
-744
-566
-363
-183
-75
-87
-265
-818
-1398
-1905
-2240
-2305
-2000
-1038
22
1150
2311
3475
4609
5382
5874
6101
6079
5824
5353
4591
3678
2596
1329
-137
-1820
-534
-392
-222
-87
-51
-179
-535
-1381
-2260
-3045
-3611
-3833
-3585
-2476
-1220
135
1542
2951
4315
5220
5795
6065
6053
5784
5282
4464
3510
2395
1096
-411
-2152
-428
-333
-203
-120
-165
-417
-958
-2040
-3159
-4164
-4903
-5224
-4975
-3772
-2372
-839
760
2363
3905
4945
5606
5922
5923
5643
5113
4274
3315
2203
907
-606
-2368
-499
-458
-379
-358
-493
-879
-1615
-2848
-4125
-5267
-6095
-6432
-6098
-4871
-3398
-1760
-38
1687
3336
4517
5271
5638
5659
5374
4823
4013
3100
2042
799
-668
-2402
-817
-841
-823
-876
-1111
-1643
-2585
-3861
-5186
-6356
-7165
-7409
-6882
-5721
-4266
-2612
-857
900
2566
3898
4754
5183
5233
4953
4391
3676
2873
1934
810
-546
-2186
-1342
-1603
-1802
-2029
-2374
-2928
-3780
-4898
-6041
-7031
-7694
-7855
-7338
-6173
-4764
-3194
-1544
104
1669
2941
3796
4276
4420
4270
3866
3298
2640
1850
888
-285
-1713
-1960
-2447
-2853
-3245
-3691
-4256
-5009
-5924
-6836
-7601
-8072
-8104
-7552
-6420
-5096
-3647
-2140
-639
787
1992
2840
3364
3596
3570
3319
2921
2431
1814
1039
71
-1121
-2621
-3320
-3920
-4463
-4995
-5558
-6198
-6881
-7535
-8045
-8295
-8170
-7554
-6478
-5263
-3960
-2618
-1290
-24
1099
1925
2478
2783
2867
2753
2524
2200
1755
1164
401
-557
-3278
-4171
-4946
-5622
-6221
-6765
-7273
-7712
-8097
-8342
-8361
-8068
-7377
-6367
-5269
-4120
-2953
-1805
-710
308
1089
1648
2003
2172
2173
2087
1902
1602
1169
585
-167
-3884
-4948
-5875
-6661
-7305
-7805
-8159
-8362
-8485
-8472
-8267
-7812
-7053
-6103
-5117
-4115
-3118
-2145
-1215
-332
371
904
1277
1500
1583
1587
1491
1285
957
500
-97
-4391
-5599
-6650
-7519
-8181
-8610
-8783
-8774
-8660
-8414
-8008
-7417
-6615
-5703
-4809
-3935
-3086
-2267
-1482
-775
-190
276
626
863
988
1006
921
731
433
25
-494
-4740
-5955
-7014
-7889
-8549
-8967
-9113
-8958
-8700
-8316
-7779
-7065
-6150
-5276
-4431
-3623
-2863
-2160
-1523
-908
-415
-40
220
374
423
374
240
17
-300
-716
-1236
-4922
-6130
-7184
-8050
-8696
-9088
-9195
-8939
-8585
-8108
-7486
-6696
-5715
-4848
-4021
-3249
-2546
-1928
-1408
-899
-515
-248
-91
-36
-77
-218
-424
-704
-1064
-1513
-2056
-4959
-6150
-7187
-8034
-8653
-9009
-9065
-8747
-8333
-7802
-7133
-6304
-5294
-4410
-3577
-2817
-2148
-1591
-1165
-773
-508
-360
-319
-375
-518
-761
-1051
-1398
-1812
-2303
-2882
-4877
-6041
-7052
-7870
-8454
-8764
-8760
-8408
-7964
-7407
-6719
-5880
-4871
-3953
-3098
-2333
-1681
-1169
-821
-554
-416
-394
-476
-649
-901
-1244
-1616
-2029
-2495
-3028
-3639
-4698
-5828
-6807
-7589
-8131
-8389
-8317
-7952
-7496
-6934
-6247
-5419
-4430
-3469
-2583
-1804
-1160
-684
-404
-264
-256
-363
-570
-864
-1228
-1657
-2097
-2561
-3065
-3625
-4255
-4448
-5539
-6480
-7222
-7717
-7918
-7775
-7406
-6951
-6394
-5719
-4911
-3954
-2948
-2030
-1235
-598
-156
57
70
-48
-282
-614
-1026
-1501
-1989
-2470
-2959
-3474
-4034
-4657
-4188
-5230
-6127
-6828
-7280
-7431
-7230
-6832
-6352
-5780
-5103
-4314
-3400
-2375
-1441
-644
-27
365
489
323
46
-318
-750
-1227
-1725
-2305
-2818
-3287
-3733
-4180
-4648
-3951
-4948
-5806
-6469
-6882
-6989
-6734
-6283
-5753
-5140
-4438
-3642
-2747
-1731
-809
-37
532
847
854
527
111
-365
-879
-1401
-1905
-2498
-2968
-3339
-3639
-3895
-4133
-3713
-4667
-5488
-6115
-6491
-6555
-6248
-5728
-5133
-4464
-3720
-2902
-2011
-1024
-135
591
1094
1311
1180
707
166
-408
-988
-1542
-2037
-2580
-2941
-3150
-3240
-3240
-3183
-3450
-4362
-5144
-5736
-6074
-6095
-5736
-5141
-4474
-3741
-2949
-2103
-1209
-263
579
1248
1671
1777
1495
885
231
-432
-1069
-1643
-2120
-2560
-2761
-2756
-2583
-2276
-1872
-3139
-4005
-4748
-5301
-5599
-5574
-5161
-4492
-3755
-2962
-2123
-1251
-355
542
1334
1938
2275
2265
1827
1087
323
-421
-1109
-1699
-2151
-2450
-2450
-2193
-1718
-1064
-274
-2756
-3571
-4269
-4779
-5032
-4958
-4486
-3754
-2958
-2115
-1241
-353
532
1384
2126
2668
2921
2796
2205
1334
464
-361
-1098
-1702
-2129
-2258
-2032
-1495
-691
334
1539
