                   00001801.B0l 1
                      g_glb.dat 	   2.86 	   1.64 	   0.07 	   0.93 	   2.79 	   1.64 	   0.64 	   0.50
                      g_dir.dat 	   0.00 	 -11.00 	  11.00
                     g_step.dat 	   1.29 	  23.00 	   1.00 	   9.00 	   1.28 	  11.00 	   9.00 	   9.00
                    max_min.dat	    0.72	    1.02	    0.99	    0.90	    0.88	    0.95	    1.09	    1.29	    1.39	    1.49	    1.54	    1.55	    1.54	    1.55	    1.55	    1.49	    1.37	    1.29	    1.31	    1.43	    1.59	    1.55	    1.44	    1.36	    1.43	    1.41	    1.36	    1.31	    1.24	    1.24	    1.27	    1.31	    1.31	    1.32	    1.32	    1.32	    1.32	    1.32	    1.32	    1.31	    1.30	    1.29	    1.28	    1.27	    1.25	    1.24	    1.21	    1.19	    1.18	    1.16	    1.13	    1.12	    1.10	    1.06	    1.03	    1.03	    1.02	    1.04	    1.05	    1.05	    1.06	    1.09	    1.10	    1.14
                    cor_max.dat 	  0.73 	  0.59 	  0.82 	  0.94 	  0.90 	  0.96 	  0.88 	  0.86  
                     correl.dat	   -0.32	    0.24	    0.25	    0.19	    0.14	    0.17	    0.23	    0.29	    0.35	    0.39	    0.42	    0.45	    0.46	    0.48	    0.48	    0.49	    0.50	    0.54	    0.61	    0.69	    0.75	    0.79	    0.82	    0.83	    0.86	    0.88	    0.89	    0.90	    0.90	    0.90	    0.90	    0.90	    0.90	    0.90	    0.90	    0.90	    0.90	    0.90	    0.90	    0.90	    0.90	    0.89	    0.89	    0.89	    0.89	    0.89	    0.88	    0.88	    0.87	    0.87	    0.86	    0.85	    0.84	    0.83	    0.82	    0.81	    0.81	    0.79	    0.78	    0.77	    0.74	    0.71	    0.70	    0.67
               max_minValue.dat	    0.75	    0.67	    0.80	    1.49	    1.31	    1.19	  407.00	 -564.00	  529.00	 -521.00	  547.00	 -554.00	  527.00	 -584.00	  519.00	 -588.00	  538.00	 -568.00	  581.00	 -535.00	  630.00	 -488.00	  668.00	 -481.00	  698.00	 -470.00	  727.00	 -473.00	  765.00	 -494.00	  797.00	 -517.00	  815.00	 -526.00	  802.00	 -517.00	  767.00	 -516.00	  723.00	 -528.00	  712.00	 -552.00	  741.00	 -564.00	  804.00	 -564.00	  879.00	 -553.00	  948.00	 -611.00	  999.00	 -694.00	 1043.00	 -765.00	 1200.00	 -841.00	 1348.00	 -955.00	 1470.00	 -1077.00	 1564.00	 -1197.00	 1644.00	 -1328.00	 1778.00	 -1435.00	 1881.00	 -1481.00	 1920.00	 -1468.00	 1920.00	 -1468.00	 1914.00	 -1455.00	 1910.00	 -1448.00	 1889.00	 -1430.00	 1864.00	 -1409.00	 1845.00	 -1401.00	 1806.00	 -1372.00	 1756.00	 -1345.00	 1730.00	 -1326.00	 1669.00	 -1293.00	 1635.00	 -1276.00	 1564.00	 -1234.00	 1486.00	 -1193.00	 1446.00	 -1169.00	 1362.00	 -1124.00	 1274.00	 -1072.00	 1230.00	 -1043.00	 1140.00	 -986.00	 1049.00	 -931.00	 1004.00	 -897.00	  914.00	 -834.00	  825.00	 -781.00	  783.00	 -759.00	  741.00	 -720.00	  720.00	 -703.00	  688.00	 -663.00	  655.00	 -623.00	  638.00	 -606.00	  602.00	 -566.00	  576.00	 -527.00	  556.00	 -504.00	  526.00	 -462.00
                    cor_cor.dat 	  0.51 	  0.37 	  0.44 	  0.61 	  0.98 	  0.99 	  0.98 	  0.97  
                  direction.dat	   -0.38	   -0.35	   -0.35	   -0.40	   -0.40	   -0.40	   -0.40	   -0.29	   -0.29	   -0.27	   -0.27	   -0.25	   -0.25	   -0.25	   -0.25	   -0.25	   -0.25	   -0.25	   -0.25	   -0.23	   -0.21	   -0.18	   -0.14	   -0.16	   -0.16	   -0.12	   -0.10	   -0.08	   -0.08	   -0.07	   -0.05	   -0.01	   -0.01	   -0.01	   -0.03	   -0.01	   -0.01	   -0.01	   -0.03	   -0.01	   -0.01	   -0.03	   -0.03	   -0.03	   -0.03	   -0.03	   -0.03	   -0.00	   -0.00	   -0.00	   -0.00	   -0.00	   -0.00	   -0.01	   -0.01	    0.17	    0.17	    0.16	    0.16	    0.16	    0.14	    0.14	    0.14	    0.14
                    cor_dir.dat 	  0.71 	  0.81 	  0.62 	  0.68 	  0.46 	  0.50 	  0.47 	  0.45  
                 StepPoints.dat 	 0.21 	 0.59 	 0.59 	 0.52 	 0.66 	 0.55 	 0.64 	 0.58 	 0.73 	 0.59 	 0.73 	 0.66 	 0.56 	 0.59 	 0.53 	 0.58 	 0.59
                 PointsComp.dat 	 0.21
                dir_changes.dat	    0.00	    0.02	    0.00	   -0.05	    0.00	    0.00	    0.00	    0.11	    0.00	    0.02	    0.00	    0.02	    0.00	    0.00	    0.00	    0.00	    0.00	    0.00	    0.00	    0.02	    0.02	    0.03	    0.04	   -0.02	    0.00	    0.04	    0.02	    0.02	    0.00	    0.01	    0.02	    0.04	    0.00	    0.00	   -0.01	    0.01	    0.00	    0.00	   -0.01	    0.01	    0.00	   -0.01	    0.00	    0.00	    0.00	    0.00	    0.00	    0.03	    0.00	    0.00	    0.00	    0.00	    0.00	   -0.01	    0.00	    0.18	    0.00	   -0.01	    0.00	    0.00	   -0.01	    0.00	    0.00	    0.00
            cor_dir_changes.dat 	  0.24 	  0.28 	 -0.63 	  0.00 	  0.06 	  0.22 	  0.80 	  0.00  
