D:\SOFTMAG\AVERAGED\00000605.000\00000605.r0l 
20 30
64 880
-6338
-4712
-3228
-1892
-713
300
1141
1861
2492
2991
3315
3421
3267
2919
2505
2078
1687
1384
1220
1189
1239
1344
1478
1615
1732
1758
1662
1467
1200
886
551
-6529
-4605
-2841
-1247
166
1390
2413
3243
3968
4542
4921
5061
4918
4514
4038
3542
3073
2682
2418
2244
2152
2118
2117
2125
2116
2077
1922
1677
1367
1016
649
-6651
-4458
-2445
-624
992
2395
3570
4498
5305
5943
6367
6531
6388
5930
5395
4832
4289
3813
3452
3150
2933
2777
2658
2552
2435
2336
2131
1843
1497
1116
724
-6692
-4265
-2038
-23
1763
3310
4603
5616
6491
7180
7636
7809
7653
7147
6559
5936
5324
4769
4318
3909
3588
3331
3114
2916
2712
2557
2305
1978
1599
1192
779
-6641
-4017
-1612
557
2477
4132
5505
6587
7515
8239
8710
8877
8691
8146
7515
6840
6168
5544
5011
4522
4122
3790
3502
3237
2972
2762
2463
2096
1685
1252
819
-6487
-3706
-1164
1121
3134
4855
6269
7401
8364
9104
9572
9714
9481
8909
8245
7532
6813
6130
5528
4989
4542
4165
3837
3536
3241
2972
2622
2213
1766
1304
846
-6220
-3324
-688
1670
3732
5478
6889
8050
9026
9762
10205
10302
10000
9417
8736
7998
7247
6522
5866
5312
4853
4467
4134
3833
3543
3208
2801
2342
1853
1354
866
-5879
-2952
-284
2105
4195
5966
7396
8522
9464
10170
10584
10652
10321
9693
8972
8204
7438
6721
6102
5566
5128
4766
4454
4168
3886
3538
3098
2588
2034
1458
886
-5499
-2563
116
2515
4613
6387
7814
8898
9801
10468
10846
10879
10512
9849
9096
8307
7536
6836
6262
5754
5348
5018
4737
4477
4212
3854
3382
2823
2206
1555
900
-5060
-2142
519
2900
4977
6726
8124
9156
10011
10632
10966
10954
10543
9845
9060
8249
7473
6790
6261
5792
5430
5145
4906
4684
4447
4089
3596
2999
2328
1614
886
-4542
-1677
932
3260
5281
6971
8303
9274
10070
10636
10915
10849
10383
9640
8815
7974
7182
6507
6015
5599
5294
5066
4882
4710
4516
4177
3683
3067
2364
1605
824
-3925
-1154
1361
3594
5518
7106
8331
9229
9955
10454
10666
10534
10002
9197
8313
7422
6598
5913
5439
5090
4856
4701
4588
4482
4345
4053
3586
2981
2272
1498
693
-3188
-560
1812
3902
5680
7118
8188
8999
9642
10059
10192
9981
9370
8474
7504
6538
5654
4931
4448
4183
4037
3971
3945
3921
3858
3651
3249
2691
2016
1263
472
-2385
16
2178
4073
5679
6969
7921
8625
9178
9514
9570
9280
8581
7580
6504
5439
4471
3685
3168
2952
2876
2899
2976
3066
3125
2996
2665
2175
1568
889
179
-1593
576
2518
4213
5639
6775
7601
8203
8669
8929
8912
8548
7765
6653
5467
4299
3243
2391
1835
1661
1649
1754
1928
2127
2302
2261
2012
1601
1075
481
-136
-826
1108
2829
4320
5564
6544
7243
7746
8130
8318
8234
7799
6938
5721
4431
3167
2028
1114
526
383
424
600
861
1157
1438
1492
1332
1007
568
65
-452
-98
1603
3105
4395
5459
6285
6858
7268
7576
7698
7551
7052
6118
4812
3433
2088
883
-75
-681
-808
-729
-497
-166
211
582
733
664
428
79
-330
-746
575
2050
3341
4437
5328
6005
6460
6784
7021
7083
6880
6323
5321
3952
2511
1111
-134
-1112
-1709
-1840
-1744
-1477
-1095
-655
-214
30
50
-99
-361
-679
-997
1181
2442
3531
4444
5174
5715
6062
6306
6480
6489
6236
5627
4566
3170
1702
283
-967
-1928
-2480
-2641
-2552
-2274
-1866
-1390
-905
-571
-470
-540
-722
-956
-1181
1703
2779
3698
4455
5043
5454
5682
5827
5908
5840
5537
4913
3881
2526
1111
-253
-1460
-2398
-2960
-3095
-3000
-2732
-2343
-1889
-1424
-1065
-914
-916
-1017
-1161
-1295
2141
3049
3817
4436
4900
5199
5327
5382
5380
5246
4902
4273
3283
1995
660
-623
-1759
-2649
-3194
-3313
-3223
-2974
-2615
-2194
-1761
-1398
-1220
-1176
-1217
-1294
-1359
2501
3258
3890
4387
4742
4946
4989
4964
4890
4699
4325
3701
2762
1563
330
-851
-1895
-2713
-3220
-3331
-3255
-3034
-2712
-2333
-1939
-1593
-1407
-1336
-1338
-1368
-1385
2791
3410
3919
4308
4569
4690
4662
4567
4429
4191
3797
3188
2309
1216
101
-961
-1895
-2625
-3077
-3187
-3129
-2942
-2664
-2332
-1983
-1672
-1495
-1416
-1396
-1397
-1382
3017
3510
3907
4200
4377
4427
4339
4184
3992
3716
3310
2725
1915
941
-44
-975
-1788
-2419
-2804
-2915
-2881
-2731
-2500
-2218
-1919
-1657
-1506
-1433
-1406
-1393
-1363
3188
3562
3858
4062
4165
4153
4015
3807
3570
3266
2856
2305
1574
723
-125
-918
-1604
-2128
-2440
-2554
-2543
-2433
-2250
-2020
-1771
-1572
-1459
-1405
-1385
-1371
-1338
3320
3574
3763
3878
3908
3842
3670
3427
3162
2843
2440
1923
1260
538
-178
-845
-1416
-1846
-2087
-2190
-2188
-2106
-1966
-1792
-1605
-1437
-1349
-1318
-1321
-1335
-1336
3425
3558
3641
3666
3623
3503
3297
3027
2740
2414
2025
1550
963
357
-242
-796
-1266
-1614
-1799
-1881
-1882
-1820
-1715
-1587
-1454
-1322
-1263
-1258
-1288
-1333
-1374
3495
3509
3488
3425
3312
3141
2902
2612
2313
1988
1620
1194
692
193
-296
-746
-1124
-1398
-1536
-1592
-1588
-1541
-1465
-1378
-1294
-1203
-1180
-1207
-1270
-1353
-1440
3523
3422
3302
3156
2977
2758
2492
2190
1886
1571
1233
865
455
59
-324
-673
-962
-1166
-1260
-1286
-1275
-1238
-1189
-1139
-1100
-1059
-1079
-1148
-1252
-1381
-1522
3502
3293
3080
2857
2619
2360
2074
1769
1468
1170
871
569
261
-29
-306
-552
-750
-882
-931
-926
-906
-880
-855
-841
-847
-867
-941
-1061
-1218
-1404
-1610
3425
3117
2820
2530
2242
1951
1653
1353
1066
794
543
316
118
-60
-223
-360
-460
-514
-511
-476
-449
-433
-435
-459
-511
-604
-745
-930
-1153
-1408
-1692
