                   00000605.B0l 1
                      g_glb.dat 	   9.86 	   2.86 	   2.29 	   3.21 	   3.21 	   1.57 	   0.71 	   0.86
                      g_dir.dat 	 153.00 	 -51.00 	  61.00
                     g_step.dat 	   3.45 	  47.00 	  32.00 	  52.00 	   1.80 	  20.00 	  10.00 	  12.00
                    max_min.dat	    0.97	    1.81	    2.28	    2.33	    2.27	    2.12	    2.10	    2.03	    1.71	    1.33	    1.06	    0.68	    0.47	    0.44	    0.63	    1.04	    1.73	    1.95	    2.14	    2.33	    2.57	    2.96	    3.02	    2.73	    2.39	    2.22	    2.16	    2.20	    2.34	    2.58	    2.75	    2.79	    2.79	    2.79	    2.81	    2.82	    2.84	    2.84	    2.84	    2.86	    2.86	    2.86	    2.86	    2.84	    2.82	    2.78	    2.73	    2.70	    2.66	    2.61	    2.58	    2.56	    2.55	    2.55	    2.55	    2.56	    2.58	    2.61	    2.66	    2.68	    2.73	    2.32	    1.82	    1.58
                    cor_max.dat 	  0.77 	  0.72 	  0.78 	  0.83 	  0.74 	  0.71 	  0.76 	  0.76  
                     correl.dat	    0.26	    0.56	    0.61	    0.62	    0.63	    0.65	    0.65	    0.64	    0.62	    0.57	    0.47	    0.30	    0.17	    0.21	    0.36	    0.51	    0.63	    0.69	    0.74	    0.77	    0.79	    0.82	    0.84	    0.86	    0.87	    0.88	    0.89	    0.90	    0.91	    0.91	    0.92	    0.92	    0.92	    0.92	    0.92	    0.92	    0.92	    0.92	    0.92	    0.92	    0.92	    0.92	    0.92	    0.92	    0.91	    0.91	    0.91	    0.91	    0.91	    0.90	    0.90	    0.89	    0.89	    0.89	    0.88	    0.87	    0.87	    0.86	    0.84	    0.82	    0.79	    0.77	    0.71	    0.67
               max_minValue.dat	    0.37	    0.37	    0.36	    1.04	    2.79	    2.70	  212.00	 -219.00	  295.00	 -163.00	  330.00	 -145.00	  326.00	 -140.00	  311.00	 -137.00	  289.00	 -136.00	  286.00	 -136.00	  310.00	 -153.00	  313.00	 -183.00	  269.00	 -203.00	  219.00	 -207.00	  189.00	 -278.00	  162.00	 -347.00	  158.00	 -357.00	  193.00	 -304.00	  220.00	 -212.00	  283.00	 -164.00	  384.00	 -197.00	  462.00	 -216.00	  496.00	 -213.00	  475.00	 -185.00	  492.00	 -166.00	  529.00	 -175.00	  571.00	 -209.00	  618.00	 -259.00	  684.00	 -308.00	  755.00	 -349.00	  821.00	 -374.00	  886.00	 -379.00	  961.00	 -372.00	 1030.00	 -374.00	 1079.00	 -387.00	 1079.00	 -387.00	 1085.00	 -389.00	 1095.00	 -389.00	 1101.00	 -390.00	 1107.00	 -390.00	 1111.00	 -391.00	 1114.00	 -392.00	 1113.00	 -389.00	 1113.00	 -389.00	 1110.00	 -388.00	 1100.00	 -385.00	 1092.00	 -385.00	 1079.00	 -383.00	 1063.00	 -382.00	 1032.00	 -378.00	 1007.00	 -373.00	  976.00	 -367.00	  944.00	 -361.00	  891.00	 -345.00	  850.00	 -332.00	  807.00	 -317.00	  763.00	 -299.00	  692.00	 -271.00	  643.00	 -251.00	  594.00	 -230.00	  542.00	 -208.00	  465.00	 -175.00	  413.00	 -154.00	  363.00	 -133.00	  329.00	 -142.00	  282.00	 -155.00	  254.00	 -161.00
                    cor_cor.dat 	  0.85 	  0.83 	  0.87 	  0.86 	  0.99 	  1.00 	  1.00 	  0.96  
                  direction.dat	    0.25	    0.49	    0.50	    0.53	    0.53	    0.54	    0.75	    0.75	    0.75	    0.77	    0.77	   -0.72	   -0.72	   -0.08	   -0.08	   -0.75	    0.75	    0.73	    0.71	    0.71	    0.52	    0.52	    0.51	    0.49	    0.49	    0.49	    0.49	    0.47	    0.47	    0.47	    0.46	    0.46	    0.46	    0.46	    0.47	    0.47	    0.47	    0.47	    0.47	    0.47	    0.47	    0.47	    0.47	    0.47	    0.47	    0.47	    0.47	    0.47	    0.47	    0.48	    0.50	    0.50	    0.50	    0.52	    0.52	    0.52	    0.52	    0.52	    0.52	    0.48	    0.48	   -0.50	   -0.46	   -0.42
                    cor_dir.dat 	 -0.51 	 -0.65 	 -0.54 	 -0.44 	 -0.43 	 -0.38 	 -0.36 	 -0.53  
                 StepPoints.dat 	 0.26 	 0.48 	 0.44 	 0.52 	 0.52 	 0.53 	 0.53 	 0.50 	 0.58 	 0.56 	 0.50 	 0.58 	 0.55 	 0.55 	 0.41 	 0.56 	 0.62
                 PointsComp.dat 	 0.23
                dir_changes.dat	    0.00	    0.24	    0.01	    0.03	    0.00	    0.01	    0.21	    0.00	    0.00	    0.02	    0.00	   -1.49	    0.00	    0.63	    0.00	   -0.67	    1.50	   -0.02	   -0.02	    0.00	   -0.19	    0.00	   -0.01	   -0.03	    0.00	    0.00	    0.00	   -0.01	    0.00	    0.00	   -0.01	    0.00	    0.00	    0.00	    0.01	    0.00	    0.00	    0.00	    0.00	    0.00	    0.00	    0.00	    0.00	    0.00	    0.00	    0.00	    0.00	    0.00	    0.00	    0.01	    0.02	    0.00	    0.00	    0.02	    0.00	    0.00	    0.00	    0.00	    0.00	   -0.03	    0.00	   -0.98	    0.04	    0.04
            cor_dir_changes.dat 	  0.73 	  0.91 	  0.69 	  0.00 	 -0.61 	  0.00 	  0.00 	 -0.61  
