C:\mcg1204\averaged\00002002.000\00002002.r0l 
20 30
64 710
-2880
-5657
-8121
-9987
-10973
-10795
-9170
-6462
-3425
-359
2438
4669
6036
6471
6226
5473
4387
3142
1912
988
490
331
423
679
1013
1192
1100
825
454
73
-230
-3653
-5883
-7833
-9244
-9860
-9424
-7680
-5207
-2448
334
2882
4931
6222
6846
6846
6367
5551
4542
3483
2475
1817
1438
1266
1230
1259
1257
1034
661
208
-250
-646
-4361
-6084
-7558
-8552
-8838
-8184
-6361
-4113
-1621
889
3195
5073
6299
7087
7310
7082
6513
5717
4806
3741
2951
2380
1973
1673
1425
1261
924
470
-45
-565
-1035
-4960
-6233
-7288
-7923
-7935
-7120
-5275
-3224
-973
1292
3386
5120
6307
7232
7650
7644
7294
6683
5892
4805
3919
3193
2586
2058
1568
1246
800
269
-305
-882
-1422
-5406
-6304
-7016
-7367
-7180
-6278
-4486
-2588
-531
1534
3459
5094
6289
7316
7896
8079
7915
7456
6751
5687
4748
3910
3148
2435
1747
1257
691
74
-568
-1211
-1830
-5657
-6272
-6734
-6893
-6599
-5704
-4058
-2250
-325
1602
3421
5020
6284
7376
8080
8413
8397
8051
7394
6404
5465
4566
3699
2853
2019
1338
630
-96
-830
-1563
-2285
-5668
-6111
-6432
-6510
-6222
-5444
-4055
-2256
-384
1486
3280
4921
6336
7449
8232
8673
8761
8485
7834
6976
6095
5196
4283
3363
2442
1533
645
-227
-1090
-1949
-2811
-5489
-6079
-6532
-6714
-6497
-5747
-4335
-2476
-524
1435
3316
5035
6504
7646
8437
8883
8990
8762
8206
7379
6541
5689
4819
3930
3017
2025
999
-58
-1144
-2256
-3390
-5235
-6003
-6616
-6933
-6816
-6125
-4720
-2779
-724
1346
3338
5156
6703
7857
8641
9075
9184
8989
8512
7730
6948
6157
5344
4498
3609
2531
1365
121
-1188
-2553
-3961
-4960
-5927
-6721
-7194
-7199
-6587
-5212
-3195
-1045
1129
3224
5133
6750
7899
8656
9062
9155
8974
8559
7841
7136
6426
5690
4908
4062
2931
1656
258
-1243
-2830
-4481
-4717
-5896
-6884
-7526
-7665
-7146
-5813
-3757
-1550
691
2852
4815
6464
7587
8299
8655
8713
8526
8152
7526
6925
6323
5690
5000
4224
3103
1785
297
-1332
-3076
-4906
-4559
-5954
-7141
-7955
-8234
-7811
-6524
-4498
-2301
-59
2099
4050
5665
6740
7384
7669
7668
7454
7099
6598
6135
5675
5180
4615
3942
2929
1664
183
-1477
-3282
-5193
-4539
-6146
-7527
-8511
-8924
-8594
-7350
-5449
-3358
-1214
846
2686
4170
5173
5725
5914
5832
5566
5207
4871
4586
4308
3991
3591
3064
2288
1206
-138
-1700
-3435
-5299
-4658
-6295
-7723
-8784
-9321
-9175
-8189
-6481
-4592
-2652
-790
862
2176
2989
3395
3482
3338
3049
2704
2511
2389
2294
2182
2010
1733
1124
235
-888
-2204
-3667
-5235
-4859
-6494
-7936
-9043
-9670
-9675
-8916
-7435
-5781
-4078
-2448
-1017
93
710
967
947
737
421
86
30
66
148
236
286
256
-146
-799
-1661
-2688
-3839
-5070
-5107
-6707
-8130
-9248
-9933
-10057
-9490
-8254
-6853
-5405
-4026
-2833
-1944
-1515
-1403
-1523
-1793
-2129
-2449
-2391
-2223
-1986
-1723
-1475
-1284
-1458
-1855
-2433
-3152
-3968
-4842
-5367
-6897
-8267
-9364
-10073
-10281
-9873
-8883
-7737
-6546
-5419
-4467
-3801
-3544
-3558
-3762
-4074
-4414
-4701
-4573
-4316
-3969
-3575
-3172
-2803
-2748
-2888
-3183
-3592
-4075
-4590
-5604
-7030
-8312
-9352
-10051
-10308
-10025
-9267
-8361
-7412
-6523
-5798
-5340
-5228
-5341
-5601
-5928
-6244
-6470
-6335
-6051
-5658
-5194
-4700
-4215
-3952
-3856
-3888
-4007
-4175
-4353
-5783
-7068
-8228
-9176
-9829
-10100
-9907
-9350
-8655
-7918
-7236
-6707
-6428
-6421
-6594
-6872
-7176
-7430
-7557
-7497
-7268
-6909
-6459
-5955
-5437
-5006
-4714
-4523
-4394
-4289
-4170
-5857
-7063
-8147
-9026
-9614
-9828
-9582
-9155
-8598
-8005
-7468
-7081
-6937
-6869
-6982
-7210
-7487
-7746
-7923
-7943
-7803
-7537
-7177
-6757
-6309
-5783
-5361
-5011
-4699
-4393
-4059
-5819
-6946
-7957
-8768
-9294
-9451
-9155
-8781
-8285
-7757
-7287
-6964
-6879
-6752
-6806
-6986
-7236
-7503
-7731
-7853
-7825
-7674
-7427
-7113
-6759
-6216
-5744
-5313
-4897
-4469
-4000
-5685
-6736
-7676
-8421
-8887
-8990
-8646
-8254
-7749
-7217
-6745
-6417
-6321
-6141
-6143
-6282
-6514
-6796
-7082
-7319
-7415
-7392
-7272
-7077
-6829
-6339
-5884
-5442
-4991
-4509
-3973
-5473
-6450
-7321
-8003
-8411
-8463
-8074
-7603
-7028
-6431
-5894
-5500
-5331
-5112
-5074
-5184
-5410
-5718
-6075
-6430
-6654
-6763
-6772
-6700
-6562
-6182
-5803
-5408
-4980
-4503
-3960
-5200
-6106
-6911
-7533
-7887
-7890
-7459
-6855
-6156
-5440
-4786
-4272
-3977
-3735
-3675
-3775
-4012
-4364
-4810
-5277
-5623
-5856
-5990
-6034
-5999
-5779
-5524
-5224
-4867
-4442
-3940
-4884
-5722
-6465
-7030
-7332
-7290
-6820
-6039
-5170
-4290
-3473
-2793
-2327
-2086
-2027
-2138
-2409
-2829
-3387
-3951
-4402
-4745
-4986
-5130
-5184
-5160
-5067
-4900
-4652
-4318
-3894
-4571
-5471
-6266
-6848
-7105
-6929
-6209
-5160
-4000
-2846
-1812
-1012
-561
-317
-335
-568
-967
-1485
-2071
-2780
-3316
-3705
-3971
-4137
-4228
-4179
-4151
-4120
-4062
-3954
-3769
-4286
-5252
-6104
-6707
-6924
-6618
-5655
-4323
-2859
-1417
-152
780
1229
1432
1292
893
321
-337
-998
-1796
-2364
-2745
-2981
-3114
-3189
-3111
-3144
-3247
-3376
-3488
-3542
-4010
-5046
-5960
-6589
-6769
-6339
-5135
-3500
-1710
39
1556
2645
3113
3236
2935
2331
1547
707
-66
-909
-1464
-1792
-1953
-2010
-2024
-1923
-2025
-2268
-2591
-2932
-3229
-3726
-4837
-5816
-6474
-6622
-6071
-4632
-2663
-518
1569
3367
4641
5157
5167
4670
3828
2799
1744
824
-29
-536
-776
-828
-773
-691
-585
-773
-1173
-1707
-2293
-2852
-3416
-4606
-5654
-6345
-6464
-5796
-4124
-1785
752
3215
5332
6828
7430
7298
6578
5468
4166
2868
1773
933
500
374
456
648
852
935
634
49
-722
-1581
-2429
-3064
-4334
-5455
-6183
-6276
-5494
-3594
-838
2137
5021
7502
9265
10000
9702
8736
7336
5737
4173
2880
2071
1727
1730
1962
2308
2649
2671
2220
1411
364
-806
-1981
