                   00002002.B0l 1
                      g_glb.dat 	   8.50 	   3.14 	   1.14 	   4.21 	   3.64 	   1.14 	   0.93 	   1.57
                      g_dir.dat 	  68.00 	 -14.00 	  39.00
                     g_step.dat 	   3.22 	  37.00 	  26.00 	  46.00 	   1.89 	  12.00 	  13.00 	  22.00
                    max_min.dat	    1.18	    1.08	    0.81	    0.78	    0.89	    1.04	    1.16	    1.17	    1.08	    0.94	    0.86	    0.96	    1.17	    1.35	    1.52	    1.55	    1.49	    1.49	    1.54	    1.52	    1.39	    1.29	    1.17	    1.06	    0.92	    0.80	    0.66	    0.55	    0.49	    0.43	    0.36	    0.32	    0.32	    0.31	    0.30	    0.30	    0.30	    0.30	    0.30	    0.31	    0.31	    0.32	    0.34	    0.35	    0.37	    0.38	    0.40	    0.43	    0.46	    0.48	    0.52	    0.53	    0.56	    0.59	    0.63	    0.66	    0.68	    0.71	    0.75	    0.80	    0.88	    0.94	    1.00	    1.01
                    cor_max.dat 	  0.75 	  0.65 	  0.82 	  0.93 	  0.59 	  0.46 	  0.53 	  0.74  
                     correl.dat	    0.34	    0.54	    0.63	    0.65	    0.63	    0.59	    0.55	    0.54	    0.56	    0.59	    0.58	    0.54	    0.47	    0.43	    0.43	    0.45	    0.46	    0.46	    0.45	    0.46	    0.49	    0.51	    0.55	    0.57	    0.61	    0.65	    0.70	    0.74	    0.77	    0.80	    0.81	    0.82	    0.82	    0.83	    0.83	    0.83	    0.83	    0.83	    0.83	    0.83	    0.83	    0.83	    0.82	    0.82	    0.81	    0.81	    0.80	    0.79	    0.79	    0.78	    0.77	    0.76	    0.75	    0.74	    0.72	    0.71	    0.70	    0.68	    0.65	    0.62	    0.58	    0.55	    0.51	    0.46
               max_minValue.dat	   -0.30	   -0.16	   -0.35	    1.55	   -0.32	   -0.43	  644.00	 -547.00	  610.00	 -565.00	  533.00	 -658.00	  534.00	 -681.00	  595.00	 -665.00	  673.00	 -647.00	  743.00	 -642.00	  761.00	 -651.00	  731.00	 -677.00	  687.00	 -732.00	  645.00	 -752.00	  696.00	 -724.00	  764.00	 -655.00	  821.00	 -606.00	  891.00	 -588.00	  950.00	 -614.00	 1048.00	 -705.00	 1121.00	 -751.00	 1201.00	 -778.00	 1245.00	 -820.00	 1271.00	 -916.00	 1293.00	 -999.00	 1362.00	 -1167.00	 1418.00	 -1336.00	 1425.00	 -1546.00	 1391.00	 -1743.00	 1303.00	 -1980.00	 1194.00	 -2184.00	 1188.00	 -2423.00	 1164.00	 -2686.00	 1122.00	 -3099.00	 1088.00	 -3393.00	 1088.00	 -3393.00	 1077.00	 -3458.00	 1068.00	 -3509.00	 1065.00	 -3526.00	 1061.00	 -3548.00	 1060.00	 -3538.00	 1064.00	 -3506.00	 1064.00	 -3442.00	 1070.00	 -3402.00	 1068.00	 -3302.00	 1072.00	 -3171.00	 1068.00	 -3019.00	 1059.00	 -2844.00	 1055.00	 -2758.00	 1038.00	 -2568.00	 1014.00	 -2364.00	  988.00	 -2166.00	  952.00	 -1968.00	  917.00	 -1777.00	  894.00	 -1681.00	  850.00	 -1513.00	  802.00	 -1350.00	  749.00	 -1195.00	  697.00	 -1055.00	  671.00	 -988.00	  617.00	 -863.00	  558.00	 -746.00	  509.00	 -635.00	  470.00	 -532.00	  461.00	 -489.00	  453.00	 -451.00	  434.00	 -430.00
                    cor_cor.dat 	  0.83 	  0.84 	  0.86 	  0.81 	  0.94 	  0.95 	  0.93 	  0.91  
                  direction.dat	   -0.49	    0.34	    0.30	    0.28	    0.25	    0.25	    0.25	    0.25	    0.25	    0.32	    0.37	    0.25	    0.25	    0.25	    0.25	    0.17	    0.15	    0.15	    0.17	    0.17	    0.20	    0.17	    0.15	    0.15	    0.15	    0.14	    0.18	    0.20	    0.23	    0.23	    0.25	    0.27	    0.27	    0.27	    0.27	    0.27	    0.27	    0.27	    0.27	    0.27	    0.27	    0.29	    0.29	    0.29	    0.29	    0.29	    0.29	    0.29	    0.29	    0.29	    0.29	    0.29	    0.29	    0.29	    0.29	    0.29	    0.31	    0.29	    0.29	    0.29	   -0.90	   -0.90	   -0.58	   -0.58
                    cor_dir.dat 	 -0.42 	  0.51 	 -0.77 	 -0.74 	 -0.54 	 -0.50 	 -0.46 	 -0.57  
                 StepPoints.dat 	 0.26 	 0.52 	 0.61 	 0.56 	 0.47 	 0.50 	 0.58 	 0.47 	 0.53 	 0.58 	 0.56 	 0.58 	 0.50 	 0.59 	 0.55 	 0.55 	 0.53
                 PointsComp.dat 	 0.21
                dir_changes.dat	    0.00	    0.82	   -0.04	   -0.02	   -0.03	    0.00	    0.00	    0.00	    0.00	    0.07	    0.05	   -0.12	    0.00	    0.00	    0.00	   -0.08	   -0.02	    0.00	    0.02	    0.00	    0.03	   -0.03	   -0.02	    0.00	    0.00	   -0.01	    0.04	    0.02	    0.02	    0.00	    0.02	    0.02	    0.00	    0.00	   -0.00	    0.00	    0.00	    0.00	    0.00	    0.00	    0.00	    0.02	    0.00	    0.00	    0.00	    0.00	    0.00	    0.00	    0.00	    0.00	    0.00	    0.00	    0.00	    0.00	    0.00	    0.00	    0.02	   -0.02	    0.00	    0.00	   -1.19	    0.00	    0.32	    0.00
            cor_dir_changes.dat 	  0.59 	  0.59 	 -0.86 	  0.00 	  0.15 	  0.00 	  0.00 	  0.15  
