C:\mcg1204\averaged\00004703.000\00004703.r0l 
20 30
64 1309
-929
-765
-604
-458
-343
-273
-262
-301
-355
-397
-399
-335
-176
84
403
738
1042
1273
1385
1401
1390
1373
1374
1415
1518
1741
2116
2620
3229
3924
4680
-1296
-1222
-1134
-1044
-962
-899
-865
-844
-826
-783
-690
-517
-237
149
588
1039
1462
1816
2063
2197
2293
2372
2452
2553
2697
2896
3217
3640
4145
4712
5320
-1621
-1634
-1618
-1582
-1531
-1473
-1415
-1346
-1269
-1157
-981
-714
-328
177
728
1287
1819
2289
2661
2911
3112
3282
3438
3599
3781
3961
4234
4583
4988
5434
5901
-1903
-2004
-2061
-2079
-2060
-2008
-1927
-1821
-1696
-1523
-1275
-923
-441
173
823
1480
2111
2686
3173
3536
3838
4096
4325
4541
4758
4930
5166
5450
5767
6102
6438
-2141
-2334
-2469
-2544
-2561
-2519
-2419
-2282
-2114
-1887
-1573
-1144
-571
138
877
1618
2336
3003
3593
4063
4463
4804
5102
5368
5616
5795
6008
6244
6488
6727
6948
-2336
-2628
-2845
-2986
-3045
-3019
-2906
-2740
-2533
-2255
-1877
-1373
-712
78
890
1702
2491
3236
3915
4487
4978
5398
5758
6069
6343
6548
6760
6967
7157
7321
7446
-2488
-2887
-3197
-3411
-3522
-3522
-3406
-3210
-2962
-2631
-2190
-1609
-860
-4
865
1730
2575
3382
4133
4801
5376
5868
6284
6634
6927
7184
7418
7620
7782
7895
7950
-2609
-3098
-3490
-3776
-3947
-3996
-3914
-3671
-3368
-2975
-2466
-1812
-984
-92
811
1714
2601
3459
4273
5003
5639
6191
6663
7064
7401
7695
7952
8166
8331
8437
8480
-2705
-3283
-3755
-4112
-4343
-4439
-4390
-4103
-3748
-3296
-2722
-1996
-1092
-177
749
1677
2595
3492
4357
5145
5841
6448
6974
7423
7802
8142
8434
8672
8849
8962
9003
-2758
-3420
-3968
-4391
-4677
-4816
-4796
-4482
-4092
-3599
-2977
-2198
-1235
-303
640
1586
2529
3458
4368
5213
5965
6627
7204
7700
8119
8508
8835
9097
9289
9408
9449
-2753
-3490
-4105
-4586
-4919
-5092
-5093
-4783
-4391
-3889
-3251
-2451
-1462
-514
444
1408
2373
3335
4288
5189
5997
6714
7342
7885
8343
8772
9126
9403
9602
9718
9751
-2671
-3472
-4143
-4669
-5037
-5232
-5241
-4983
-4635
-4171
-3564
-2790
-1821
-853
124
1109
2102
3099
4099
5058
5923
6696
7376
7966
8465
8915
9277
9552
9737
9833
9838
-2499
-3347
-4056
-4612
-4999
-5200
-5202
-5057
-4815
-4450
-3937
-3250
-2364
-1366
-359
657
1685
2727
3785
4803
5728
6559
7294
7933
8475
8917
9260
9503
9647
9694
9644
-2261
-3041
-3696
-4222
-4618
-4879
-5005
-5017
-4942
-4744
-4385
-3830
-3041
-2069
-1059
-10
1080
2213
3391
4504
5507
6399
7179
7847
8400
8819
9120
9306
9376
9332
9174
-2004
-2706
-3295
-3781
-4174
-4486
-4725
-4910
-5019
-5004
-4817
-4411
-3735
-2789
-1776
-694
457
1681
2979
4184
5262
6212
7034
7727
8289
8667
8911
9023
9003
8851
8570
-1739
-2354
-2868
-3306
-3689
-4041
-4387
-4747
-5042
-5214
-5202
-4946
-4388
-3477
-2470
-1365
-161
1144
2553
3849
5001
6010
6873
7590
8161
8500
8689
8729
8621
8365
7962
-1475
-1997
-2432
-2814
-3181
-3569
-4014
-4538
-5009
-5356
-5508
-5392
-4939
-4083
-3101
-1991
-753
615
2116
3505
4734
5803
6710
7454
8036
8357
8512
8501
8325
7985
7481
-1224
-1650
-2000
-2324
-2671
-3091
-3632
-4296
-4917
-5415
-5705
-5705
-5332
-4557
-3627
-2541
-1297
107
1672
3160
4471
5605
6560
7337
7933
8276
8435
8412
8207
7822
7256
-996
-1324
-1589
-1854
-2180
-2629
-3265
-4029
-4763
-5372
-5762
-5838
-5508
-4851
-4010
-2983
-1769
-366
1227
2820
4220
5427
6439
7255
7875
8295
8516
8538
8362
7988
7418
-805
-1117
-1371
-1624
-1933
-2355
-2947
-3722
-4462
-5087
-5517
-5671
-5469
-4888
-4137
-3205
-2078
-745
806
2395
3825
5092
6187
7106
7843
8346
8642
8737
8637
8347
7875
-655
-954
-1200
-1445
-1741
-2139
-2690
-3439
-4150
-4757
-5191
-5387
-5278
-4790
-4147
-3326
-2304
-1058
434
2008
3460
4776
5946
6958
7801
8402
8787
8969
8959
8769
8409
-541
-829
-1069
-1308
-1592
-1967
-2481
-3176
-3829
-4388
-4799
-5009
-4965
-4583
-4060
-3363
-2458
-1311
108
1658
3119
4474
5708
6802
7741
8444
8923
9198
9283
9196
8953
-457
-735
-970
-1204
-1477
-1830
-2306
-2926
-3501
-3991
-4357
-4559
-4558
-4290
-3895
-3330
-2550
-1512
-171
1340
2798
4181
5465
6629
7652
8452
9022
9384
9560
9573
9443
-398
-666
-896
-1123
-1385
-1717
-2155
-2684
-3166
-3573
-3879
-4059
-4087
-3936
-3674
-3244
-2593
-1666
-409
1051
2493
3888
5210
6431
7523
8407
9054
9491
9745
9843
9814
-360
-615
-838
-1058
-1307
-1615
-2014
-2446
-2826
-3142
-3382
-3532
-3581
-3547
-3415
-3120
-2597
-1781
-606
788
2199
3592
4936
6198
7346
8291
8993
9481
9790
9952
10000
-326
-559
-763
-967
-1198
-1483
-1850
-2205
-2512
-2762
-2951
-3072
-3117
-3166
-3132
-2946
-2536
-1833
-767
605
2000
3381
4714
5962
7092
8080
8808
9312
9626
9786
9827
-292
-495
-675
-856
-1062
-1318
-1647
-1946
-2199
-2404
-2563
-2674
-2737
-2848
-2893
-2795
-2480
-1872
-895
435
1794
3142
4443
5658
6749
7720
8416
8875
9135
9235
9210
-261
-429
-580
-733
-910
-1132
-1418
-1673
-1885
-2059
-2200
-2315
-2408
-2568
-2677
-2654
-2419
-1891
-989
280
1584
2881
4131
5293
6327
7230
7844
8209
8365
8353
8213
-240
-369
-486
-608
-752
-935
-1174
-1393
-1570
-1718
-1849
-1974
-2104
-2302
-2465
-2507
-2341
-1883
-1046
145
1376
2604
3785
4876
5836
6630
7121
7351
7362
7198
6902
-233
-321
-402
-489
-597
-739
-929
-1109
-1252
-1374
-1493
-1627
-1794
-2025
-2236
-2337
-2236
-1842
-1064
32
1174
2316
3412
4417
5285
5940
6276
6338
6173
5825
5340
-247
-291
-334
-386
-456
-555
-694
-829
-929
-1017
-1117
-1253
-1449
-1711
-1970
-2129
-2091
-1761
-1042
-54
983
2025
3021
3924
4686
5178
5336
5209
4844
4290
3595
