                   00004703.B0l 1
                      g_glb.dat 	  10.07 	   3.57 	   4.36 	   1.79 	   3.71 	   1.86 	   1.86 	   0.00
                      g_dir.dat 	   0.00 	 -40.00 	  31.00
                     g_step.dat 	   4.61 	  49.00 	  55.00 	  34.00 	   1.62 	  15.00 	  26.00 	   0.00
                    max_min.dat	    1.15	    0.88	    1.27	    2.97	    4.60	    2.56	    2.32	    2.34	    2.30	    2.31	    2.36	    2.31	    2.13	    2.03	    1.99	    2.01	    2.05	    2.07	    2.04	    1.99	    2.04	    2.07	    2.04	    1.96	    1.86	    1.82	    1.83	    1.82	    1.83	    1.84	    1.86	    1.85	    1.85	    1.84	    1.84	    1.85	    1.85	    1.86	    1.87	    1.88	    1.89	    1.89	    1.88	    1.86	    1.84	    1.82	    1.80	    1.79	    1.79	    1.79	    1.81	    1.83	    1.84	    1.88	    1.90	    1.91	    1.92	    1.90	    1.88	    1.86	    1.84	    1.83	    1.82	    1.82
                    cor_max.dat 	  0.66 	  0.65 	  0.61 	  0.74 	  0.89 	  0.88 	  0.92 	  0.87  
                     correl.dat	   -0.46	   -0.66	   -0.64	   -0.31	    0.55	    0.70	    0.72	    0.72	    0.73	    0.74	    0.75	    0.75	    0.75	    0.74	    0.73	    0.73	    0.73	    0.75	    0.76	    0.77	    0.79	    0.80	    0.81	    0.82	    0.84	    0.86	    0.88	    0.89	    0.90	    0.90	    0.90	    0.90	    0.90	    0.90	    0.90	    0.89	    0.89	    0.89	    0.88	    0.87	    0.87	    0.86	    0.86	    0.85	    0.84	    0.84	    0.83	    0.83	    0.82	    0.81	    0.80	    0.80	    0.79	    0.79	    0.78	    0.78	    0.78	    0.77	    0.77	    0.77	    0.77	    0.76	    0.76	    0.76
               max_minValue.dat	    0.51	    0.47	    0.54	    2.01	    1.85	    1.79	 4022.00	 -3485.00	 5294.00	 -6002.00	 6284.00	 -4963.00	 6777.00	 -2285.00	 7124.00	 -1550.00	 7288.00	 -2851.00	 7357.00	 -3172.00	 7518.00	 -3212.00	 7679.00	 -3343.00	 7763.00	 -3366.00	 7747.00	 -3286.00	 7661.00	 -3317.00	 7575.00	 -3552.00	 7551.00	 -3721.00	 7599.00	 -3818.00	 7572.00	 -3764.00	 7541.00	 -3680.00	 7501.00	 -3618.00	 7419.00	 -3632.00	 7273.00	 -3649.00	 7292.00	 -3575.00	 7446.00	 -3601.00	 7689.00	 -3769.00	 7975.00	 -4067.00	 8315.00	 -4459.00	 8751.00	 -4800.00	 9227.00	 -5049.00	 9594.00	 -5258.00	 9975.00	 -5457.00	 10351.00	 -5612.00	 10578.00	 -5699.00	 10593.00	 -5735.00	 10593.00	 -5735.00	 10565.00	 -5736.00	 10497.00	 -5704.00	 10442.00	 -5658.00	 10354.00	 -5601.00	 10259.00	 -5501.00	 10127.00	 -5408.00	 9964.00	 -5292.00	 9846.00	 -5219.00	 9629.00	 -5101.00	 9388.00	 -5002.00	 9129.00	 -4900.00	 8866.00	 -4822.00	 8607.00	 -4724.00	 8364.00	 -4649.00	 8141.00	 -4556.00	 7941.00	 -4437.00	 7749.00	 -4318.00	 7580.00	 -4193.00	 7436.00	 -4060.00	 7294.00	 -3958.00	 7225.00	 -3850.00	 7187.00	 -3785.00	 7130.00	 -3727.00	 7086.00	 -3695.00	 7023.00	 -3688.00	 6944.00	 -3684.00	 6855.00	 -3678.00	 6763.00	 -3679.00	 6680.00	 -3660.00	 6617.00	 -3643.00	 6581.00	 -3625.00
                    cor_cor.dat 	  0.55 	 -0.91 	  0.61 	  0.93 	  0.96 	  0.98 	  0.95 	  0.95  
                  direction.dat	   -0.79	   -0.64	   -0.64	   -0.66	   -0.40	   -0.40	   -0.40	   -0.35	   -0.35	   -0.35	   -0.35	   -0.39	   -0.40	   -0.40	   -0.40	   -0.40	   -0.40	   -0.39	   -0.39	   -0.38	   -0.22	   -0.15	   -0.15	   -0.12	   -0.10	   -0.09	   -0.08	   -0.08	   -0.07	   -0.10	   -0.10	   -0.07	   -0.07	   -0.07	   -0.07	   -0.07	   -0.07	   -0.08	   -0.08	   -0.08	   -0.08	   -0.08	   -0.08	   -0.08	   -0.10	   -0.10	   -0.10	   -0.11	   -0.11	   -0.13	   -0.13	   -0.13	   -0.13	   -0.34	   -0.34	   -0.34	   -0.34	   -0.34	   -0.34	   -0.34	   -0.34	   -0.34	   -0.34	   -0.34
                    cor_dir.dat 	  0.62 	  0.66 	  0.55 	  0.63 	 -0.35 	  0.94 	  0.74 	 -0.47  
                 StepPoints.dat 	 0.31 	 0.56 	 0.48 	 0.59 	 0.58 	 0.59 	 0.53 	 0.56 	 0.66 	 0.39 	 0.59 	 0.53 	 0.59 	 0.64 	 0.53 	 0.45 	 0.53
                 PointsComp.dat 	 0.22
                dir_changes.dat	    0.00	    0.15	    0.01	   -0.02	    0.25	    0.00	    0.00	    0.05	    0.00	    0.00	    0.00	   -0.04	   -0.01	    0.00	    0.00	    0.00	    0.00	    0.01	    0.00	    0.01	    0.16	    0.07	    0.00	    0.03	    0.02	    0.02	    0.01	    0.00	    0.01	   -0.03	    0.00	    0.03	    0.00	    0.00	    0.00	    0.00	    0.00	   -0.01	    0.00	    0.00	    0.00	    0.00	    0.00	    0.00	   -0.02	    0.00	    0.01	   -0.01	    0.00	   -0.02	    0.00	    0.00	    0.00	   -0.21	    0.00	    0.00	    0.00	    0.00	    0.00	    0.00	    0.00	    0.00	    0.00	    0.00
            cor_dir_changes.dat 	  0.56 	  0.72 	  0.24 	  0.00 	 -0.04 	  0.00 	 -0.48 	  0.00  
