D:\SOFTMAG\AVERAGED\00001501.000\00001501.r0l 
20 30
64 770
2327
2425
2549
2679
2794
2875
2902
2850
2763
2721
2806
3098
3678
4502
5399
6260
6975
7434
7528
7285
6848
6272
5610
4918
4252
3756
3505
3444
3518
3671
3850
1925
2093
2287
2487
2675
2830
2932
2959
2953
2994
3159
3527
4177
5003
5896
6757
7485
7980
8141
8009
7680
7205
6634
6016
5403
4838
4478
4272
4171
4124
4080
1536
1760
2011
2270
2516
2731
2895
2989
3052
3162
3395
3826
4534
5354
6237
7091
7824
8348
8569
8556
8345
7980
7507
6972
6420
5802
5349
5015
4755
4523
4275
1186
1449
1738
2036
2323
2581
2789
2931
3045
3205
3487
3964
4711
5527
6400
7247
7987
8539
8822
8925
8829
8572
8196
7741
7249
6604
6084
5647
5255
4865
4437
902
1179
1484
1798
2103
2379
2609
2775
2915
3103
3411
3909
4671
5492
6362
7211
7966
8556
8908
9115
9120
8958
8666
8279
7833
7197
6647
6145
5657
5145
4575
708
972
1264
1567
1861
2129
2350
2511
2650
2835
3139
3629
4378
5218
6103
6969
7756
8399
8837
9125
9207
9116
8884
8540
8116
7537
7003
6483
5945
5359
4693
632
849
1095
1353
1604
1829
2011
2131
2232
2381
2645
3093
3793
4677
5600
6509
7350
8071
8620
8952
9077
9023
8815
8480
8045
7579
7118
6636
6106
5502
4798
650
803
992
1192
1382
1538
1638
1665
1676
1745
1945
2350
3033
3963
4950
5939
6874
7702
8365
8686
8798
8728
8504
8153
7704
7300
6909
6501
6049
5527
4905
698
780
902
1038
1159
1239
1250
1176
1090
1072
1200
1554
2214
3193
4247
5320
6354
7291
8075
8371
8454
8355
8101
7721
7244
6922
6618
6303
5948
5525
5005
733
735
784
846
891
887
801
618
428
315
364
661
1289
2302
3410
4552
5669
6702
7590
7880
7955
7846
7581
7192
6707
6472
6261
6044
5792
5475
5062
713
627
592
572
531
432
240
-57
-358
-571
-607
-375
215
1229
2355
3533
4700
5794
6752
7090
7209
7142
6919
6572
6131
5977
5852
5728
5572
5353
5041
597
412
283
170
32
-170
-479
-898
-1315
-1635
-1762
-1599
-1051
-90
1002
2162
3326
4428
5405
5874
6123
6184
6088
5869
5558
5465
5408
5356
5277
5138
4908
344
47
-186
-404
-650
-969
-1408
-1951
-2490
-2921
-3144
-3056
-2557
-1719
-732
339
1427
2466
3390
4110
4606
4913
5064
5091
5028
4963
4942
4932
4897
4806
4626
-29
-450
-812
-1153
-1514
-1936
-2458
-3057
-3632
-4105
-4402
-4446
-4160
-3572
-2853
-2025
-1109
-127
899
1889
2716
3390
3923
4325
4607
4770
4857
4856
4756
4548
4219
-459
-994
-1470
-1922
-2386
-2897
-3491
-4133
-4730
-5234
-5592
-5753
-5668
-5357
-4935
-4378
-3663
-2766
-1664
-372
815
1889
2836
3644
4303
4667
4834
4816
4624
4271
3768
-923
-1557
-2134
-2683
-3236
-3823
-4475
-5145
-5752
-6271
-6676
-6942
-7044
-7018
-6901
-6623
-6116
-5313
-4144
-2554
-1007
461
1819
3030
4061
4616
4854
4809
4516
4009
3321
-1395
-2114
-2776
-3408
-4035
-4683
-5377
-6061
-6663
-7182
-7620
-7975
-8249
-8497
-8673
-8662
-8353
-7630
-6382
-4533
-2666
-840
888
2464
3830
4583
4899
4835
4447
3793
2928
-1852
-2639
-3370
-4068
-4752
-5445
-6166
-6848
-7429
-7933
-8387
-8817
-9247
-9737
-10174
-10399
-10255
-9582
-8224
-6187
-4075
-1965
63
1930
3557
4532
4950
4891
4433
3655
2638
-2270
-3106
-3890
-4635
-5360
-6079
-6810
-7473
-8016
-8489
-8943
-9429
-10000
-10680
-11326
-11736
-11706
-11032
-9511
-7396
-5145
-2860
-641
1408
3189
4427
4989
4975
4488
3629
2500
-2606
-3463
-4266
-5031
-5775
-6515
-7266
-7942
-8501
-8991
-9454
-9937
-10484
-11159
-11793
-12201
-12196
-11592
-10202
-8051
-5773
-3462
-1212
885
2737
3934
4512
4564
4184
3464
2498
-2846
-3706
-4512
-5280
-6028
-6772
-7529
-8206
-8773
-9269
-9732
-10201
-10715
-11346
-11931
-12299
-12281
-11709
-10412
-8308
-6087
-3835
-1635
426
2266
3437
4046
4179
3921
3355
2568
-3000
-3848
-4642
-5398
-6133
-6866
-7612
-8282
-8847
-9341
-9794
-10240
-10712
-11272
-11778
-12078
-12021
-11452
-10220
-8229
-6131
-4002
-1920
40
1802
2953
3601
3822
3692
3288
2685
-3082
-3903
-4669
-5397
-6106
-6812
-7534
-8187
-8741
-9223
-9658
-10073
-10493
-10963
-11373
-11588
-11472
-10890
-9705
-7875
-5947
-3991
-2074
-263
1372
2502
3186
3493
3489
3244
2824
-3102
-3882
-4606
-5293
-5961
-6627
-7309
-7937
-8472
-8934
-9342
-9716
-10076
-10449
-10755
-10877
-10694
-10090
-8944
-7306
-5580
-3828
-2107
-477
1002
2099
2810
3192
3305
3209
2962
-3074
-3799
-4468
-5100
-5713
-6324
-6954
-7549
-8057
-8490
-8863
-9189
-9482
-9759
-9963
-9993
-9746
-9121
-8017
-6583
-5073
-3537
-2026
-591
718
1765
2482
2921
3132
3166
3074
-3029
-3677
-4278
-4846
-5398
-5948
-6511
-7027
-7463
-7836
-8164
-8466
-8758
-8970
-9123
-9118
-8852
-8223
-7131
-5870
-4531
-3164
-1821
-553
590
1659
2399
2862
3098
3158
3093
-2983
-3544
-4065
-4560
-5039
-5516
-6002
-6433
-6790
-7097
-7374
-7645
-7932
-8119
-8264
-8265
-8021
-7431
-6392
-5247
-4022
-2769
-1538
-380
654
1692
2402
2836
3044
3078
2987
-2926
-3387
-3817
-4226
-4622
-5014
-5412
-5750
-6022
-6255
-6475
-6709
-6983
-7177
-7345
-7385
-7196
-6675
-5721
-4653
-3504
-2325
-1167
-80
883
1845
2482
2842
2979
2942
2782
-2843
-3192
-3520
-3831
-4131
-4427
-4723
-4962
-5142
-5295
-5450
-5640
-5894
-6117
-6329
-6430
-6316
-5887
-5039
-4027
-2932
-1806
-699
336
1250
2102
2628
2881
2909
2766
2501
-2724
-2949
-3160
-3360
-3552
-3738
-3921
-4052
-4132
-4197
-4280
-4418
-4645
-4908
-5178
-5350
-5324
-4998
-4269
-3309
-2264
-1187
-128
861
1731
2444
2833
2949
2843
2566
2168
-2557
-2643
-2724
-2800
-2869
-2932
-2988
-3004
-2977
-2945
-2948
-3026
-3218
-3524
-3851
-4098
-4162
-3941
-3333
-2437
-1456
-441
556
1486
2298
2854
3087
3048
2788
2358
1810
