                   00001501.B0l 1
                      g_glb.dat 	   2.50 	   0.07 	   1.07 	   0.86 	   3.43 	   1.36 	   0.50 	   1.57
                      g_dir.dat 	   0.00 	   0.00 	   0.00
                     g_step.dat 	   1.13 	   1.00 	  14.00 	   9.00 	   1.66 	   7.00 	   7.00 	  27.00
                    max_min.dat	    0.90	    0.97	    1.22	    1.50	    1.55	    1.46	    1.32	    1.18	    1.15	    1.17	    1.18	    1.24	    1.33	    1.42	    1.52	    1.60	    1.68	    1.78	    1.80	    1.76	    1.75	    1.77	    1.82	    1.82	    1.83	    1.84	    1.83	    1.80	    1.78	    1.77	    1.78	    1.78	    1.78	    1.76	    1.75	    1.72	    1.70	    1.66	    1.63	    1.60	    1.56	    1.54	    1.51	    1.50	    1.49	    1.49	    1.49	    1.49	    1.49	    1.49	    1.49	    1.48	    1.47	    1.45	    1.40	    1.40	    1.35	    1.31	    1.28	    1.19	    1.12	    1.02	    0.96	    0.86
                    cor_max.dat 	  0.79 	  0.63 	  0.95 	  0.97 	  0.95 	  0.92 	  0.98 	  0.93  
                     correl.dat	    0.16	    0.40	    0.37	    0.35	    0.38	    0.43	    0.49	    0.58	    0.64	    0.67	    0.69	    0.69	    0.70	    0.72	    0.75	    0.78	    0.81	    0.83	    0.85	    0.87	    0.89	    0.90	    0.92	    0.92	    0.93	    0.93	    0.93	    0.94	    0.94	    0.94	    0.94	    0.94	    0.94	    0.94	    0.94	    0.94	    0.94	    0.94	    0.94	    0.93	    0.93	    0.93	    0.93	    0.93	    0.93	    0.93	    0.92	    0.92	    0.92	    0.92	    0.92	    0.91	    0.90	    0.90	    0.89	    0.88	    0.87	    0.85	    0.84	    0.81	    0.79	    0.75	    0.73	    0.71
               max_minValue.dat	    0.60	    0.56	    0.62	    1.60	    1.78	    1.49	  419.00	 -463.00	  498.00	 -513.00	  587.00	 -480.00	  688.00	 -459.00	  758.00	 -489.00	  777.00	 -532.00	  767.00	 -580.00	  733.00	 -619.00	  733.00	 -640.00	  771.00	 -659.00	  804.00	 -681.00	  840.00	 -676.00	  871.00	 -655.00	  918.00	 -646.00	 1021.00	 -672.00	 1148.00	 -719.00	 1313.00	 -782.00	 1460.00	 -820.00	 1598.00	 -887.00	 1742.00	 -992.00	 1949.00	 -1111.00	 2190.00	 -1234.00	 2468.00	 -1359.00	 2752.00	 -1511.00	 3041.00	 -1659.00	 3363.00	 -1828.00	 3613.00	 -1970.00	 3817.00	 -2115.00	 3973.00	 -2231.00	 4104.00	 -2315.00	 4175.00	 -2342.00	 4177.00	 -2353.00	 4177.00	 -2353.00	 4141.00	 -2348.00	 4103.00	 -2344.00	 4020.00	 -2335.00	 3956.00	 -2325.00	 3832.00	 -2311.00	 3736.00	 -2287.00	 3580.00	 -2244.00	 3411.00	 -2188.00	 3288.00	 -2136.00	 3098.00	 -2045.00	 2968.00	 -1981.00	 2778.00	 -1868.00	 2590.00	 -1744.00	 2465.00	 -1659.00	 2283.00	 -1535.00	 2163.00	 -1450.00	 1979.00	 -1326.00	 1854.00	 -1241.00	 1668.00	 -1124.00	 1480.00	 -1007.00	 1355.00	 -936.00	 1168.00	 -832.00	 1069.00	 -766.00	  920.00	 -680.00	  782.00	 -599.00	  697.00	 -545.00	  579.00	 -485.00	  508.00	 -452.00	  415.00	 -406.00	  359.00	 -374.00	  300.00	 -348.00
                    cor_cor.dat 	  0.75 	  0.66 	  0.68 	  0.84 	  0.98 	  0.99 	  0.99 	  0.96  
                  direction.dat	   -0.25	   -0.25	   -0.25	   -0.25	   -0.25	   -0.25	   -0.25	   -0.25	   -0.20	   -0.17	   -0.17	   -0.17	   -0.20	   -0.17	   -0.15	   -0.10	   -0.08	   -0.12	   -0.14	   -0.12	   -0.10	   -0.10	   -0.10	   -0.08	   -0.07	   -0.08	   -0.07	   -0.08	   -0.08	   -0.07	   -0.05	   -0.05	   -0.05	   -0.06	   -0.06	   -0.08	   -0.08	   -0.08	   -0.08	   -0.08	   -0.08	   -0.08	   -0.08	   -0.08	   -0.08	   -0.08	   -0.08	   -0.08	   -0.08	   -0.08	   -0.05	   -0.05	   -0.05	   -0.05	   -0.05	   -0.02	   -0.01	   -0.00	    0.01	    0.05	    0.06	    0.10	    0.10	    0.13
                    cor_dir.dat 	  0.79 	  0.78 	  0.78 	  0.81 	  0.59 	  0.94 	  0.94 	  0.50  
                 StepPoints.dat 	 0.13 	 0.50 	 0.48 	 0.55 	 0.50 	 0.56 	 0.58 	 0.50 	 0.52 	 0.56 	 0.59 	 0.48 	 0.48 	 0.55 	 0.50 	 0.50 	 0.55
                 PointsComp.dat 	 0.13
                dir_changes.dat	    0.00	    0.00	    0.00	    0.00	    0.00	    0.00	    0.00	    0.00	    0.05	    0.03	    0.00	    0.00	   -0.03	    0.03	    0.02	    0.05	    0.02	   -0.04	   -0.01	    0.02	    0.02	    0.01	    0.00	    0.01	    0.01	   -0.01	    0.01	   -0.01	    0.00	    0.01	    0.01	    0.00	    0.00	   -0.01	    0.00	   -0.01	    0.00	    0.00	    0.00	    0.00	    0.00	    0.00	    0.00	    0.00	    0.00	    0.00	    0.00	    0.00	    0.00	    0.00	    0.02	    0.00	    0.01	    0.00	    0.00	    0.02	    0.01	    0.01	    0.01	    0.04	    0.01	    0.04	    0.00	    0.03
            cor_dir_changes.dat 	  0.00 	  0.00 	  0.00 	  0.00 	  0.31 	 -0.52 	  0.28 	  0.31  
