D:\SOFTMAG\cryoton\averaged\00000503.000\00000503.R0l 
20 30
64 858
1072
1653
2173
2560
2743
2650
2211
1539
830
129
-513
-1052
-1440
-1658
-1704
-1551
-1172
-541
368
1414
2430
3401
4314
5155
5912
6548
7045
7418
7680
7843
7922
109
621
1079
1426
1607
1565
1245
725
188
-347
-861
-1335
-1748
-2129
-2375
-2434
-2253
-1779
-958
104
1197
2292
3365
4387
5332
6232
6949
7510
7941
8269
8520
-764
-327
62
364
538
542
336
-36
-405
-780
-1170
-1582
-2027
-2543
-2963
-3207
-3197
-2852
-2092
-1044
94
1284
2486
3659
4763
5906
6820
7548
8127
8599
9002
-1556
-1207
-896
-651
-497
-459
-564
-793
-999
-1218
-1488
-1843
-2322
-2955
-3529
-3940
-4081
-3846
-3129
-2098
-915
366
1693
3014
4274
5628
6709
7572
8269
8852
9376
-2270
-2028
-1817
-1649
-1533
-1481
-1504
-1595
-1642
-1710
-1863
-2166
-2684
-3421
-4138
-4703
-4983
-4847
-4161
-3123
-1872
-475
1002
2495
3935
5459
6666
7622
8395
9049
9652
-2910
-2803
-2718
-2654
-2604
-2566
-2534
-2491
-2383
-2303
-2344
-2599
-3161
-3998
-4853
-5567
-5983
-5940
-5281
-4185
-2815
-1250
428
2144
3816
5458
6739
7738
8535
9209
9840
-3484
-3544
-3620
-3694
-3745
-3753
-3701
-3528
-3269
-3046
-2980
-3191
-3802
-4741
-5737
-6604
-7158
-7212
-6582
-5349
-3782
-1972
-12
2004
3986
5685
6979
7959
8719
9352
9949
-4007
-4276
-4541
-4772
-4939
-5010
-4956
-4711
-4358
-4032
-3869
-4005
-4575
-5636
-6783
-7807
-8504
-8667
-8088
-6550
-4657
-2512
-219
2119
4400
6170
7470
8402
9070
9577
10027
-4474
-4954
-5411
-5804
-6089
-6226
-6173
-5865
-5425
-5004
-4752
-4820
-5358
-6538
-7831
-9010
-9846
-10113
-9583
-7729
-5501
-3012
-376
2292
4881
6704
7992
8857
9415
9778
10060
-4848
-5537
-6184
-6736
-7138
-7339
-7285
-6917
-6395
-5884
-5547
-5551
-6061
-7325
-8731
-10030
-10972
-11309
-10794
-8682
-6176
-3400
-478
2464
5303
7167
8431
9219
9654
9863
9968
-5094
-5985
-6814
-7517
-8029
-8286
-8224
-7798
-7194
-6592
-6172
-6113
-6596
-7880
-9333
-10687
-11671
-12014
-11448
-9202
-6542
-3603
-520
2572
5538
7440
8677
9383
9693
9742
9666
-5175
-6256
-7254
-8096
-8705
-9005
-8922
-8434
-7746
-7051
-6544
-6419
-6871
-8080
-9487
-10801
-11731
-11985
-11274
-9084
-6460
-3549
-494
2557
5460
7403
8616
9244
9432
9327
9073
-5058
-6309
-7459
-8421
-9108
-9434
-9313
-8756
-7976
-7181
-6581
-6384
-6800
-7808
-9043
-10191
-10942
-10982
-10000
-8123
-5792
-3165
-396
2357
4941
6936
8137
8698
8776
8527
8107
-4789
-6123
-7339
-8356
-9097
-9480
-9428
-8887
-8146
-7366
-6708
-6333
-6401
-6941
-7668
-8352
-8761
-8662
-7824
-6312
-4460
-2384
-200
1975
4027
5584
6552
7050
7191
7093
6871
-4458
-5854
-7115
-8168
-8941
-9362
-9359
-8834
-8133
-7367
-6651
-6097
-5818
-5860
-6051
-6242
-6280
-6013
-5291
-4235
-2952
-1519
-12
1493
2923
4061
4819
5273
5499
5573
5570
-4084
-5523
-6809
-7877
-8662
-9101
-9127
-8629
-7978
-7238
-6475
-5754
-5139
-4680
-4334
-4028
-3692
-3254
-2645
-2078
-1398
-641
156
960
1734
2467
3029
3455
3779
4039
4269
-3691
-5151
-6441
-7503
-8281
-8715
-8750
-8302
-7725
-7034
-6248
-5383
-4455
-3519
-2656
-1877
-1190
-605
-132
-27
75
181
296
423
568
904
1276
1680
2110
2563
3034
-3299
-4759
-6032
-7068
-7815
-8225
-8247
-7884
-7416
-6810
-6036
-5061
-3857
-2491
-1162
42
1031
1714
2003
1729
1340
880
395
-69
-469
-530
-347
34
571
1218
1929
-2931
-4370
-5604
-6591
-7287
-7650
-7638
-7407
-7095
-6620
-5904
-4868
-3433
-1713
8
1563
2779
3487
3517
3007
2268
1386
444
-469
-1273
-1737
-1749
-1394
-757
75
1021
-2619
-3957
-5105
-6023
-6675
-7021
-7023
-6832
-6565
-6145
-5496
-4542
-3205
-1438
335
1956
3263
4095
4293
3560
2609
1520
373
-751
-1773
-2209
-2222
-1892
-1298
-520
359
-2374
-3614
-4677
-5529
-6137
-6468
-6487
-6343
-6130
-5774
-5200
-4335
-3105
-1371
374
1981
3299
4176
4461
3651
2633
1483
275
-913
-2008
-2423
-2442
-2141
-1595
-880
-71
-2187
-3330
-4309
-5097
-5663
-5980
-6018
-5925
-5768
-5477
-4981
-4208
-3087
-1454
196
1722
2983
3838
4144
3373
2404
1308
156
-980
-2033
-2428
-2455
-2186
-1690
-1039
-303
-2046
-3093
-3992
-4717
-5244
-5549
-5608
-5561
-5457
-5229
-4807
-4123
-3108
-1628
-127
1263
2414
3191
3464
2819
1986
1032
22
-976
-1900
-2273
-2308
-2069
-1622
-1033
-369
-1940
-2895
-3714
-4378
-4868
-5164
-5246
-5236
-5176
-5001
-4644
-4039
-3121
-1837
-527
688
1686
2346
2544
2081
1442
687
-122
-925
-1662
-2009
-2046
-1832
-1430
-899
-301
-1859
-2723
-3465
-4072
-4527
-4816
-4924
-4935
-4904
-4766
-4459
-3919
-3082
-2022
-930
80
898
1411
1507
1255
837
309
-272
-851
-1373
-1686
-1716
-1520
-1154
-673
-134
-1772
-2621
-3353
-3944
-4368
-4600
-4614
-4584
-4503
-4333
-4030
-3556
-2870
-1971
-1073
-267
354
700
677
507
220
-137
-520
-880
-1174
-1445
-1466
-1280
-936
-478
47
-1667
-2503
-3229
-3807
-4204
-4381
-4305
-4194
-4026
-3783
-3447
-3001
-2426
-1666
-937
-312
136
338
221
42
-202
-479
-751
-982
-1137
-1345
-1333
-1136
-792
-335
198
-1554
-2381
-3102
-3672
-4043
-4170
-4006
-3781
-3493
-3144
-2742
-2291
-1796
-1162
-593
-139
147
215
13
-232
-495
-750
-971
-1133
-1208
-1334
-1271
-1045
-682
-207
352
-1443
-2263
-2984
-3547
-3896
-3975
-3727
-3362
-2925
-2445
-1949
-1465
-1022
-519
-112
168
290
222
-66
-410
-722
-986
-1186
-1308
-1335
-1363
-1235
-964
-567
-60
540
-1345
-2162
-2884
-3443
-3773
-3807
-3477
-2950
-2345
-1711
-1101
-564
-152
205
435
527
468
249
-141
-584
-945
-1220
-1401
-1484
-1463
-1383
-1177
-850
-408
142
797
-1273
-2088
-2814
-3372
-3685
-3675
-3266
-2562
-1773
-971
-231
373
770
954
978
853
586
187
-335
-848
-1231
-1487
-1621
-1637
-1541
-1343
-1051
-660
-165
438
1155
