                   00000503.B0l 1
                      g_glb.dat 	   2.29 	   1.21 	   1.07 	   0.00 	   3.64 	   0.50 	   1.43 	   1.43
                      g_dir.dat 	   0.00 	 -37.00 	  18.00
                     g_step.dat 	   1.10 	  17.00 	  15.00 	   0.00 	   1.50 	   5.00 	  20.00 	  20.00
                    max_min.dat	    0.63	    1.32	    1.12	    0.96	    0.86	    0.77	    0.73	    0.74	    0.78	    0.82	    0.83	    0.80	    0.77	    0.81	    0.91	    1.10	    1.28	    1.40	    1.35	    1.27	    1.24	    1.27	    1.32	    1.37	    1.39	    1.36	    1.33	    1.27	    1.21	    1.15	    1.11	    1.10	    1.10	    1.10	    1.12	    1.13	    1.14	    1.15	    1.15	    1.16	    1.16	    1.16	    1.16	    1.17	    1.17	    1.17	    1.18	    1.18	    1.19	    1.20	    1.21	    1.23	    1.24	    1.27	    1.29	    1.33	    1.35	    1.38	    1.34	    1.28	    1.20	    1.17	    1.07	    0.99
                    cor_max.dat 	  0.69 	  0.62 	  0.80 	  0.78 	  0.90 	  0.89 	  0.88 	  0.94  
                     correl.dat	   -0.34	    0.55	    0.62	    0.60	    0.57	    0.56	    0.57	    0.62	    0.67	    0.69	    0.67	    0.62	    0.56	    0.57	    0.63	    0.73	    0.80	    0.84	    0.83	    0.81	    0.79	    0.79	    0.81	    0.83	    0.84	    0.84	    0.84	    0.84	    0.84	    0.84	    0.83	    0.82	    0.82	    0.82	    0.82	    0.82	    0.82	    0.82	    0.81	    0.81	    0.80	    0.80	    0.79	    0.78	    0.78	    0.77	    0.77	    0.77	    0.76	    0.76	    0.76	    0.76	    0.76	    0.76	    0.76	    0.75	    0.75	    0.75	    0.74	    0.73	    0.72	    0.71	    0.69	    0.68
               max_minValue.dat	    0.72	    0.57	    0.86	    1.10	    1.10	    1.18	  622.00	 -982.00	 1010.00	 -765.00	 1105.00	 -984.00	 1134.00	 -1184.00	 1147.00	 -1334.00	 1155.00	 -1495.00	 1197.00	 -1631.00	 1289.00	 -1753.00	 1407.00	 -1802.00	 1472.00	 -1799.00	 1487.00	 -1798.00	 1473.00	 -1846.00	 1497.00	 -1949.00	 1645.00	 -2036.00	 1870.00	 -2046.00	 2188.00	 -1981.00	 2429.00	 -1904.00	 2606.00	 -1866.00	 2667.00	 -1977.00	 2721.00	 -2141.00	 2849.00	 -2292.00	 3040.00	 -2401.00	 3336.00	 -2522.00	 3614.00	 -2642.00	 3899.00	 -2815.00	 4116.00	 -3019.00	 4251.00	 -3208.00	 4365.00	 -3450.00	 4429.00	 -3659.00	 4458.00	 -3865.00	 4410.00	 -3973.00	 4362.00	 -3976.00	 4362.00	 -3976.00	 4366.00	 -3953.00	 4336.00	 -3871.00	 4301.00	 -3808.00	 4207.00	 -3689.00	 4122.00	 -3595.00	 3957.00	 -3431.00	 3833.00	 -3313.00	 3696.00	 -3190.00	 3474.00	 -2992.00	 3312.00	 -2845.00	 3102.00	 -2661.00	 2966.00	 -2537.00	 2834.00	 -2422.00	 2639.00	 -2239.00	 2512.00	 -2122.00	 2325.00	 -1956.00	 2210.00	 -1848.00	 2036.00	 -1680.00	 1929.00	 -1570.00	 1817.00	 -1462.00	 1654.00	 -1303.00	 1546.00	 -1194.00	 1386.00	 -1045.00	 1283.00	 -951.00	 1180.00	 -858.00	 1029.00	 -768.00	  941.00	 -734.00	  809.00	 -674.00	  743.00	 -635.00	  642.00	 -602.00	  594.00	 -597.00
                    cor_cor.dat 	  0.81 	  0.68 	  0.83 	  0.87 	  0.94 	  0.94 	  0.92 	  0.95  
                  direction.dat	   -0.89	   -0.45	   -0.43	   -0.45	   -0.45	   -0.48	   -0.48	   -0.48	   -0.45	   -0.45	   -0.45	   -0.45	   -0.45	   -0.45	   -0.45	   -0.44	   -0.44	   -0.41	   -0.25	   -0.25	   -0.25	   -0.25	   -0.25	   -0.25	   -0.25	   -0.25	   -0.25	   -0.25	   -0.25	   -0.23	   -0.23	   -0.23	   -0.23	   -0.23	   -0.23	   -0.23	   -0.25	   -0.25	   -0.25	   -0.25	   -0.25	   -0.25	   -0.25	   -0.19	   -0.19	   -0.14	   -0.12	   -0.12	   -0.12	   -0.12	   -0.12	   -0.12	   -0.12	   -0.11	   -0.11	   -0.12	   -0.13	   -0.14	   -0.14	   -0.16	   -0.15	   -0.16	   -0.15	   -0.10
                    cor_dir.dat 	  0.63 	  0.71 	  0.57 	  0.56 	  0.30 	  0.54 	  0.62 	 -0.43  
                 StepPoints.dat 	 0.21 	 0.58 	 0.53 	 0.50 	 0.50 	 0.50 	 0.58 	 0.48 	 0.50 	 0.56 	 0.53 	 0.52 	 0.53 	 0.53 	 0.58 	 0.64 	 0.61
                 PointsComp.dat 	 0.16
                dir_changes.dat	    0.00	    0.44	    0.02	   -0.03	    0.00	   -0.02	    0.00	    0.00	    0.02	    0.00	    0.00	    0.00	    0.00	    0.00	    0.00	    0.02	    0.00	    0.03	    0.16	    0.00	    0.00	    0.00	    0.00	    0.00	    0.00	    0.00	    0.00	    0.00	    0.00	    0.02	    0.00	    0.00	    0.00	    0.00	    0.00	    0.00	   -0.02	    0.00	    0.00	    0.00	    0.00	    0.00	    0.00	    0.06	    0.00	    0.06	    0.01	    0.00	    0.00	    0.00	    0.00	    0.00	    0.00	    0.01	    0.00	   -0.01	   -0.01	   -0.01	    0.00	   -0.01	    0.01	   -0.01	    0.01	    0.05
            cor_dir_changes.dat 	  0.81 	  0.81 	 -0.59 	  0.00 	 -0.13 	  0.00 	 -0.25 	 -0.12  
