D:\SOFTMAG\AVERAGED\00002102.000\00002102.r0l 
20 30
64 902
4429
5371
6192
6783
7037
6846
6103
4980
3770
2545
1379
344
-488
-1105
-1508
-1640
-1445
-868
148
1359
2467
3443
4260
4889
5303
5426
5221
4717
3942
2922
1688
4757
5629
6384
6930
7173
7020
6379
5460
4459
3435
2445
1544
790
118
-377
-638
-608
-227
559
1545
2451
3248
3909
4403
4703
4790
4566
4062
3305
2325
1149
5000
5802
6492
6993
7226
7112
6574
5858
5069
4246
3432
2667
1992
1277
700
322
200
395
966
1732
2442
3067
3577
3943
4135
4195
3963
3469
2741
1810
705
5159
5897
6528
6990
7219
7150
6721
6199
5610
4978
4329
3689
3084
2342
1701
1221
964
991
1361
1920
2447
2912
3285
3536
3633
3664
3421
2933
2231
1346
308
5235
5920
6505
6940
7176
7164
6855
6506
6094
5632
5127
4591
4032
3284
2599
2040
1668
1546
1737
2109
2473
2799
3056
3211
3234
3219
2947
2449
1756
900
-87
5228
5879
6434
6860
7121
7184
7013
6802
6535
6208
5814
5347
4802
4074
3370
2755
2294
2049
2085
2298
2528
2743
2910
2997
2973
2881
2550
2011
1296
438
-530
5140
5779
6328
6768
7078
7238
7229
7111
6944
6708
6380
5938
5362
4682
3989
3349
2827
2488
2400
2489
2618
2756
2868
2923
2888
2674
2238
1613
833
-71
-1066
5011
5707
6313
6812
7188
7426
7508
7417
7276
7060
6746
6309
5724
5061
4373
3724
3177
2798
2649
2701
2792
2893
2969
2990
2923
2576
2014
1267
370
-647
-1752
4847
5602
6267
6829
7275
7593
7770
7689
7557
7347
7031
6582
5973
5337
4664
4016
3455
3044
2846
2873
2939
3015
3068
3067
2982
2490
1788
908
-118
-1261
-2490
4596
5406
6125
6744
7254
7647
7914
7857
7746
7553
7248
6800
6180
5578
4927
4288
3721
3287
3046
3047
3087
3136
3164
3141
3036
2423
1606
616
-515
-1760
-3086
4208
5060
5819
6482
7043
7498
7842
7848
7800
7665
7411
7004
6414
5852
5228
4603
4034
3582
3305
3264
3262
3269
3257
3196
3055
2382
1512
473
-702
-1987
-3351
3631
4503
5282
5968
6559
7055
7453
7592
7676
7668
7533
7238
6745
6225
5633
5024
4457
3989
3678
3566
3492
3428
3346
3216
3011
2376
1549
561
-561
-1788
-3092
2814
3676
4446
5126
5718
6226
6651
7019
7331
7547
7630
7541
7244
6767
6205
5614
5049
4566
4222
3994
3804
3625
3429
3188
2874
2411
1764
959
25
-1009
-2118
1834
2513
3129
3710
4285
4881
5527
6195
6829
7371
7764
7951
7876
7570
7131
6601
6023
5437
4886
4391
3972
3606
3273
2953
2624
2261
1806
1279
701
94
-521
830
1310
1756
2222
2762
3431
4283
5273
6251
7141
7866
8351
8519
8380
8061
7590
6994
6302
5540
4763
4098
3530
3045
2630
2270
2061
1851
1656
1489
1363
1294
-161
107
371
710
1205
1934
2979
4293
5617
6857
7916
8701
9114
9137
8933
8515
7897
7093
6116
5055
4141
3368
2729
2217
1825
1775
1818
1960
2209
2572
3054
-1103
-1054
-980
-776
-335
447
1677
3295
4947
6518
7893
8959
9600
9779
9683
9312
8666
7744
6546
5212
4062
3095
2313
1715
1302
1369
1622
2060
2684
3492
4485
-1961
-2135
-2254
-2189
-1806
-974
436
2321
4262
6125
7778
9086
9915
10242
10248
9917
9236
8189
6762
5180
3817
2682
1782
1123
714
809
1182
1826
2733
3898
5311
-2696
-3093
-3406
-3479
-3154
-2274
-681
1411
3582
5679
7549
9040
10000
10467
10565
10266
9540
8360
6696
4903
3367
2102
1122
441
74
58
413
1126
2180
3562
5259
-3270
-3711
-4069
-4191
-3920
-3103
-1584
622
2907
5120
7110
8726
9819
10237
10288
9949
9196
8006
6355
4541
2975
1668
631
-122
-582
-562
-199
491
1500
2815
4425
-3681
-4153
-4542
-4698
-4468
-3700
-2241
-1
2317
4564
6593
8254
9399
9775
9785
9413
8640
7447
5816
4015
2453
1137
78
-715
-1234
-1245
-946
-344
550
1728
3181
-3949
-4439
-4847
-5026
-4825
-4094
-2683
-479
1800
4012
6009
7644
8771
9111
9089
8691
7904
6716
5112
3352
1820
524
-529
-1335
-1886
-1975
-1783
-1317
-582
414
1666
-4092
-4589
-5007
-5199
-5016
-4312
-2941
-834
1348
3464
5367
6916
7965
8278
8230
7815
7023
5846
4278
2578
1098
-157
-1186
-1983
-2545
-2734
-2671
-2360
-1806
-1013
16
-4127
-4625
-5044
-5240
-5069
-4384
-3043
-1084
950
2918
4679
6091
7011
7305
7241
6816
6028
4872
3347
1722
308
-894
-1884
-2659
-3217
-3503
-3567
-3410
-3034
-2441
-1631
-4074
-4566
-4981
-5176
-5009
-4338
-3022
-1251
595
2376
3954
5188
5940
6224
6153
5728
4952
3826
2355
811
-530
-1673
-2616
-3362
-3911
-4266
-4429
-4399
-4175
-3756
-3140
-3980
-4366
-4690
-4833
-4672
-4087
-2957
-1412
187
1727
3092
4165
4831
5054
4983
4599
3885
2821
1390
-90
-1392
-2508
-3428
-4142
-4641
-5156
-5419
-5440
-5228
-4792
-4142
-3872
-4153
-4389
-4481
-4328
-3831
-2889
-1571
-217
1081
2233
3145
3727
3900
3841
3510
2869
1878
499
-938
-2221
-3330
-4245
-4948
-5418
-5969
-6209
-6159
-5837
-5262
-4456
-3730
-3906
-4054
-4096
-3951
-3542
-2789
-1707
-609
438
1367
2109
2596
2730
2694
2427
1870
964
-351
-1759
-3036
-4152
-5077
-5781
-6235
-6724
-6843
-6622
-6091
-5280
-4218
-3535
-3605
-3664
-3653
-3514
-3191
-2624
-1800
-977
-200
485
1036
1408
1514
1511
1318
856
44
-1196
-2581
-3858
-4987
-5928
-6641
-7085
-7437
-7360
-6894
-6080
-4958
-3567
-3271
-3230
-3195
-3128
-2992
-2750
-2367
-1828
-1312
-837
-424
-93
133
220
260
152
-205
-912
-2070
-3432
-4709
-5851
-6807
-7527
-7962
-8126
-7803
-7042
-5894
-4409
-2638
-2918
-2761
-2625
-2496
-2356
-2191
-1985
-1773
-1603
-1469
-1370
-1301
-1259
-1181
-1089
-1104
-1348
-1941
-3007
-4338
-5607
-6755
-7720
-8441
-8859
-8809
-8213
-7130
-5621
-3748
-1570
