                   00002102.B0l 1
                      g_glb.dat 	  12.93 	   4.79 	   3.29 	   4.57 	   6.86 	   2.21 	   0.64 	   4.00
                      g_dir.dat 	 136.00 	 -93.00 	  64.00
                     g_step.dat 	   5.38 	  62.00 	  54.00 	  58.00 	   3.62 	  27.00 	  14.00 	  56.00
                    max_min.dat	    0.39	    0.37	    0.52	    1.02	    1.20	    0.70	    0.38	    0.38	    0.49	    0.52	    0.97	    1.17	    1.11	    0.94	    0.60	    0.51	    0.64	    1.00	    0.99	    0.83	    0.74	    0.73	    0.68	    0.52	    0.53	    0.51	    0.53	    0.51	    0.56	    0.64	    0.62	    0.64	    0.64	    0.64	    0.64	    0.64	    0.64	    0.64	    0.64	    0.65	    0.65	    0.65	    0.65	    0.65	    0.65	    0.65	    0.65	    0.64	    0.64	    0.63	    0.63	    0.63	    0.63	    0.62	    0.66	    0.72	    0.75	    0.80	    0.84	    0.87	    0.92	    0.99	    1.08	    1.13
                    cor_max.dat 	  0.55 	  0.40 	  0.85 	  0.59 	  0.69 	  0.67 	  0.64 	  0.76  
                     correl.dat	    0.45	    0.43	    0.47	    0.30	   -0.24	   -0.24	    0.32	    0.48	    0.52	    0.49	    0.41	    0.29	    0.18	    0.41	    0.70	    0.73	    0.62	    0.52	    0.49	    0.52	    0.58	    0.64	    0.72	    0.80	    0.83	    0.84	    0.86	    0.89	    0.87	    0.86	    0.90	    0.93	    0.93	    0.93	    0.93	    0.93	    0.93	    0.92	    0.92	    0.91	    0.91	    0.90	    0.90	    0.89	    0.89	    0.89	    0.89	    0.89	    0.90	    0.90	    0.89	    0.88	    0.87	    0.85	    0.83	    0.80	    0.79	    0.76	    0.73	    0.70	    0.67	    0.64	    0.61	    0.58
               max_minValue.dat	   -0.61	   -0.54	   -0.64	   -0.51	   -0.64	   -0.64	  331.00	 -851.00	  299.00	 -812.00	  370.00	 -712.00	  562.00	 -549.00	  551.00	 -460.00	  389.00	 -557.00	  276.00	 -725.00	  275.00	 -732.00	  331.00	 -674.00	  325.00	 -628.00	  523.00	 -539.00	  460.00	 -392.00	  605.00	 -547.00	  549.00	 -583.00	  444.00	 -742.00	  357.00	 -702.00	  411.00	 -638.00	  646.00	 -646.00	  756.00	 -761.00	  793.00	 -957.00	  795.00	 -1078.00	  798.00	 -1087.00	  777.00	 -1145.00	  766.00	 -1462.00	  929.00	 -1756.00	 1003.00	 -1957.00	 1121.00	 -2118.00	 1147.00	 -2264.00	 1331.00	 -2365.00	 1550.00	 -2425.00	 1561.00	 -2529.00	 1690.00	 -2638.00	 1690.00	 -2638.00	 1699.00	 -2656.00	 1701.00	 -2667.00	 1704.00	 -2659.00	 1697.00	 -2653.00	 1694.00	 -2628.00	 1679.00	 -2605.00	 1654.00	 -2561.00	 1636.00	 -2532.00	 1610.00	 -2479.00	 1575.00	 -2426.00	 1529.00	 -2350.00	 1482.00	 -2288.00	 1434.00	 -2202.00	 1377.00	 -2129.00	 1318.00	 -2044.00	 1250.00	 -1949.00	 1180.00	 -1866.00	 1122.00	 -1774.00	 1053.00	 -1670.00	  983.00	 -1567.00	  914.00	 -1465.00	  898.00	 -1360.00	  903.00	 -1247.00	  897.00	 -1190.00	  871.00	 -1095.00	  834.00	 -990.00	  782.00	 -894.00	  743.00	 -808.00	  725.00	 -732.00	  707.00	 -655.00	  675.00	 -598.00
                    cor_cor.dat 	  0.60 	  0.78 	 -0.28 	  0.73 	  0.99 	  0.99 	  0.99 	  0.97  
                  direction.dat	    0.90	    0.62	    0.93	    0.95	    0.97	    0.97	    0.97	    0.93	    0.93	    0.88	    0.89	    0.88	   -0.80	    0.48	    0.49	    0.41	    0.94	   -0.98	    0.99	    0.97	    0.95	    0.95	    0.42	    0.40	    0.39	    0.41	    0.42	    0.44	    0.48	    0.48	    0.48	    0.48	    0.48	    0.48	    0.49	    0.49	    0.49	    0.49	    0.48	    0.48	    0.45	    0.45	    0.45	    0.45	    0.45	    0.45	    0.45	    0.45	    0.44	    0.44	    0.44	    0.44	    0.43	    0.43	    0.46	    0.46	    0.46	    0.46	    0.46	    0.46	    0.49	    0.49	    0.49	    0.47
                    cor_dir.dat 	 -0.45 	 -0.59 	 -0.40 	 -0.40 	 -0.16 	 -0.38 	 -0.37 	  0.45  
                 StepPoints.dat 	 0.35 	 0.47 	 0.45 	 0.59 	 0.64 	 0.41 	 0.47 	 0.59 	 0.64 	 0.39 	 0.53 	 0.56 	 0.56 	 0.39 	 0.61 	 0.55 	 0.59
                 PointsComp.dat 	 0.32
                dir_changes.dat	    0.00	   -0.29	    0.31	    0.03	    0.02	    0.00	    0.00	   -0.05	    0.00	   -0.05	    0.01	   -0.01	   -1.68	    1.29	    0.00	   -0.08	    0.53	   -1.91	    1.96	   -0.02	   -0.02	    0.00	   -0.54	   -0.02	   -0.01	    0.02	    0.01	    0.02	    0.04	    0.00	   -0.00	   -0.00	    0.00	    0.00	    0.01	    0.00	    0.00	    0.00	   -0.01	    0.00	   -0.02	    0.00	    0.00	    0.00	   -0.01	    0.00	    0.00	    0.00	   -0.01	    0.00	    0.00	    0.00	   -0.01	    0.00	    0.03	   -0.00	    0.00	    0.00	    0.00	    0.00	    0.03	    0.00	    0.00	   -0.02
            cor_dir_changes.dat 	 -0.66 	 -0.67 	  0.90 	 -0.00 	 -0.04 	  0.34 	 -0.30 	 -0.04  
