D:\SOFTMAG\cryoton\averaged\00003202.000\00003202.R0l 
20 30
64 721
2234
3287
4223
4934
5309
5241
4623
3625
2544
1454
429
-456
-1128
-1546
-1707
-1593
-1184
-460
597
1805
2963
4062
5091
6040
6902
7648
8268
8770
9164
9460
9668
2320
3314
4195
4863
5220
5166
4603
3757
2836
1901
1013
233
-377
-898
-1185
-1212
-955
-386
517
1664
2788
3875
4912
5888
6788
7576
8237
8785
9232
9592
9877
2366
3299
4123
4749
5086
5046
4538
3838
3070
2284
1526
846
291
-318
-716
-872
-752
-326
439
1513
2590
3653
4688
5677
6605
7439
8148
8748
9255
9685
10054
2387
3259
4027
4609
4927
4900
4448
3873
3240
2582
1935
1335
815
139
-349
-610
-606
-299
348
1343
2367
3400
4425
5422
6371
7251
8007
8658
9224
9724
10176
2398
3210
3923
4464
4764
4751
4355
3872
3338
2775
2205
1649
1131
418
-128
-465
-547
-329
232
1146
2115
3118
4132
5135
6105
7023
7819
8514
9132
9693
10222
2415
3170
3829
4331
4615
4618
4280
3840
3358
2841
2299
1740
1175
464
-103
-476
-604
-437
76
914
1834
2810
3818
4832
5826
6768
7590
8315
8970
9580
10170
2455
3155
3764
4229
4500
4523
4247
3787
3293
2759
2183
1559
884
222
-318
-681
-809
-645
-132
639
1519
2478
3490
4524
5553
6499
7325
8060
8731
9368
10000
2523
3235
3856
4327
4591
4588
4261
3683
3063
2411
1734
1040
338
-276
-750
-1039
-1103
-898
-383
422
1315
2275
3281
4311
5344
6203
6981
7699
8378
9039
9703
2585
3310
3944
4421
4679
4651
4274
3563
2804
2018
1226
448
-294
-849
-1242
-1445
-1431
-1173
-643
203
1116
2083
3089
4121
5166
5920
6632
7316
7985
8652
9331
2591
3327
3971
4453
4702
4648
4219
3383
2493
1583
684
-169
-944
-1435
-1742
-1853
-1756
-1439
-889
-18
898
1854
2843
3860
4898
5561
6220
6882
7554
8240
8947
2490
3232
3883
4365
4601
4515
4030
3100
2110
1105
131
-767
-1544
-1972
-2195
-2216
-2039
-1664
-1096
-242
635
1539
2471
3432
4422
5036
5686
6370
7088
7836
8615
2233
2974
3623
4098
4314
4190
3641
2670
1633
586
-410
-1300
-2027
-2401
-2550
-2490
-2241
-1819
-1243
-471
303
1091
1900
2740
3618
4258
4972
5752
6589
7474
8398
1769
2499
3137
3594
3781
3608
2986
2049
1040
28
-916
-1723
-2323
-2661
-2752
-2629
-2325
-1873
-1305
-704
-120
461
1059
1689
2367
3136
4019
5000
6061
7187
8362
1146
1740
2261
2635
2789
2649
2141
1332
458
-415
-1226
-1910
-2402
-2584
-2543
-2337
-2022
-1654
-1289
-1030
-776
-499
-171
235
750
1591
2653
3906
5322
6875
8534
469
928
1333
1625
1746
1639
1247
599
-103
-804
-1446
-1971
-2322
-2367
-2214
-1945
-1639
-1374
-1233
-1337
-1435
-1485
-1449
-1286
-957
-12
1257
2814
4617
6627
8803
-226
97
384
593
681
608
331
-134
-646
-1155
-1607
-1954
-2142
-2063
-1812
-1492
-1207
-1059
-1153
-1613
-2054
-2424
-2671
-2744
-2591
-1565
-106
1732
3900
6346
9018
-906
-719
-551
-427
-373
-415
-579
-857
-1174
-1483
-1741
-1903
-1924
-1726
-1382
-1017
-760
-735
-1071
-1847
-2591
-3241
-3732
-4001
-3986
-2952
-1379
667
3127
5935
9028
-1535
-1489
-1442
-1407
-1391
-1404
-1458
-1558
-1687
-1807
-1879
-1866
-1728
-1411
-972
-562
-331
-428
-1004
-2026
-3004
-3863
-4529
-4925
-4977
-4062
-2502
-372
2251
5295
8682
-2079
-2177
-2257
-2313
-2340
-2330
-2278
-2223
-2188
-2142
-2053
-1887
-1615
-1171
-630
-166
46
-163
-973
-2140
-3251
-4219
-4957
-5379
-5398
-4781
-3413
-1381
1228
4327
7831
-2497
-2652
-2786
-2891
-2960
-2983
-2953
-2783
-2627
-2457
-2249
-1977
-1614
-1208
-724
-311
-117
-294
-989
-2080
-3122
-4039
-4758
-5202
-5299
-4682
-3419
-1583
749
3505
6608
-2786
-2986
-3162
-3304
-3402
-3447
-3428
-3190
-2958
-2712
-2433
-2100
-1696
-1321
-886
-517
-337
-472
-1046
-2005
-2920
-3729
-4369
-4779
-4897
-4344
-3250
-1675
316
2663
5303
-2965
-3196
-3401
-3567
-3683
-3736
-3714
-3448
-3181
-2899
-2588
-2236
-1829
-1482
-1094
-765
-596
-686
-1136
-1920
-2665
-3323
-3844
-4177
-4273
-3823
-2936
-1661
-48
1851
3989
-3049
-3299
-3520
-3697
-3816
-3864
-3827
-3565
-3295
-3009
-2700
-2360
-1983
-1664
-1323
-1035
-877
-923
-1249
-1830
-2380
-2860
-3234
-3464
-3511
-3176
-2507
-1544
-322
1119
2742
-3058
-3312
-3534
-3708
-3817
-3846
-3779
-3547
-3299
-3034
-2751
-2450
-2128
-1841
-1550
-1307
-1163
-1168
-1375
-1742
-2084
-2376
-2591
-2705
-2693
-2458
-1994
-1327
-482
514
1638
-3008
-3252
-3461
-3616
-3700
-3695
-3584
-3399
-3192
-2966
-2728
-2482
-2234
-1985
-1752
-1561
-1438
-1410
-1504
-1661
-1799
-1906
-1967
-1970
-1902
-1726
-1426
-1015
-506
86
752
-2945
-3093
-3221
-3317
-3367
-3358
-3278
-3111
-2933
-2748
-2563
-2384
-2218
-2008
-1804
-1634
-1526
-1509
-1610
-1698
-1752
-1759
-1705
-1576
-1357
-1401
-1299
-1066
-714
-260
284
-2894
-2928
-2958
-2977
-2976
-2946
-2879
-2719
-2558
-2403
-2260
-2137
-2041
-1891
-1737
-1609
-1537
-1552
-1682
-1765
-1800
-1774
-1670
-1474
-1171
-1288
-1238
-1035
-695
-233
335
-2837
-2740
-2656
-2582
-2513
-2445
-2375
-2217
-2069
-1939
-1835
-1764
-1734
-1661
-1574
-1506
-1488
-1551
-1729
-1857
-1924
-1913
-1809
-1597
-1259
-1329
-1211
-920
-472
116
830
-2757
-2512
-2298
-2114
-1961
-1840
-1750
-1598
-1467
-1366
-1302
-1286
-1326
-1345
-1340
-1345
-1394
-1521
-1760
-1968
-2100
-2140
-2072
-1877
-1539
-1470
-1190
-717
-67
741
1693
-2635
-2228
-1868
-1559
-1307
-1117
-992
-856
-752
-690
-679
-728
-848
-969
-1056
-1146
-1273
-1475
-1785
-2092
-2309
-2420
-2405
-2247
-1928
-1652
-1144
-422
495
1592
2850
-2455
-1871
-1350
-902
-536
-261
-88
13
72
78
19
-113
-331
-560
-747
-928
-1141
-1424
-1814
-2223
-2530
-2714
-2757
-2640
-2345
-1821
-1043
-31
1196
2621
4225
