                   00003202.B0l 1
                      g_glb.dat 	   7.21 	   2.43 	   1.50 	   2.71 	   3.00 	   1.57 	   0.07 	   1.36
                      g_dir.dat 	  10.00 	   0.00 	   5.00
                     g_step.dat 	   3.84 	  36.00 	  32.00 	  40.00 	   1.44 	   8.00 	   3.00 	  19.00
                    max_min.dat	    0.60	    0.88	    0.79	    0.62	    0.50	    0.52	    0.63	    0.75	    0.85	    1.03	    1.44	    1.86	    1.97	    1.59	    1.25	    1.05	    1.06	    1.26	    1.53	    1.61	    1.41	    1.20	    0.99	    0.84	    0.72	    0.69	    0.71	    0.82	    1.00	    1.17	    1.30	    1.43	    1.43	    1.47	    1.51	    1.55	    1.58	    1.61	    1.65	    1.69	    1.69	    1.71	    1.70	    1.72	    1.71	    1.68	    1.68	    1.65	    1.62	    1.62	    1.61	    1.61	    1.60	    1.61	    1.63	    1.64	    1.67	    1.72	    1.76	    1.77	    1.78	    1.81	    1.81	    1.85
                    cor_max.dat 	  0.62 	  0.54 	  0.63 	  0.80 	  0.94 	  0.95 	  0.97 	  0.89  
                     correl.dat	    0.55	    0.77	    0.73	    0.63	    0.56	    0.57	    0.62	    0.68	    0.72	    0.74	    0.73	    0.71	    0.71	    0.76	    0.80	    0.82	    0.82	    0.84	    0.83	    0.82	    0.84	    0.86	    0.86	    0.84	    0.81	    0.78	    0.77	    0.79	    0.81	    0.84	    0.85	    0.85	    0.85	    0.85	    0.85	    0.85	    0.85	    0.85	    0.84	    0.84	    0.84	    0.83	    0.83	    0.83	    0.83	    0.82	    0.82	    0.82	    0.82	    0.82	    0.81	    0.81	    0.81	    0.81	    0.80	    0.79	    0.78	    0.76	    0.74	    0.72	    0.71	    0.69	    0.66	    0.63
               max_minValue.dat	    0.37	    0.02	    0.61	    1.05	    1.43	    1.65	  199.00	 -330.00	  281.00	 -321.00	  263.00	 -333.00	  208.00	 -338.00	  175.00	 -350.00	  187.00	 -362.00	  236.00	 -376.00	  286.00	 -380.00	  311.00	 -368.00	  340.00	 -331.00	  402.00	 -280.00	  469.00	 -252.00	  516.00	 -262.00	  506.00	 -318.00	  477.00	 -382.00	  458.00	 -436.00	  473.00	 -446.00	  527.00	 -417.00	  588.00	 -385.00	  648.00	 -402.00	  685.00	 -485.00	  706.00	 -588.00	  701.00	 -706.00	  667.00	 -793.00	  605.00	 -838.00	  580.00	 -845.00	  567.00	 -802.00	  613.00	 -747.00	  701.00	 -703.00	  802.00	 -685.00	  876.00	 -676.00	  907.00	 -636.00	  907.00	 -636.00	  905.00	 -617.00	  900.00	 -596.00	  892.00	 -576.00	  886.00	 -560.00	  872.00	 -541.00	  856.00	 -518.00	  836.00	 -496.00	  814.00	 -481.00	  790.00	 -462.00	  766.00	 -450.00	  747.00	 -435.00	  736.00	 -430.00	  715.00	 -425.00	  697.00	 -414.00	  678.00	 -412.00	  663.00	 -408.00	  645.00	 -399.00	  630.00	 -392.00	  615.00	 -381.00	  608.00	 -380.00	  594.00	 -370.00	  582.00	 -356.00	  570.00	 -347.00	  555.00	 -332.00	  542.00	 -316.00	  530.00	 -301.00	  515.00	 -291.00	  508.00	 -285.00	  491.00	 -271.00	  470.00	 -260.00	  452.00	 -244.00
                    cor_cor.dat 	  0.90 	  0.97 	  0.84 	  0.90 	  0.96 	  0.96 	  0.95 	  0.97  
                  direction.dat	    0.27	    0.17	    0.15	    0.14	    0.14	    0.14	    0.14	    0.14	    0.14	    0.12	    0.11	    0.12	    0.12	    0.13	    0.13	    0.13	    0.15	    0.15	    0.14	    0.14	    0.14	    0.15	    0.18	    0.18	    0.19	    0.37	    0.33	    0.29	    0.27	    0.23	    0.23	    0.21	    0.21	    0.21	    0.21	    0.21	    0.21	    0.21	    0.21	    0.19	    0.19	    0.19	    0.19	    0.18	    0.18	    0.16	    0.14	    0.14	    0.14	    0.14	    0.14	    0.14	    0.14	    0.14	    0.14	    0.14	    0.14	    0.14	    0.14	    0.14	    0.14	    0.13	    0.13	    0.13
                    cor_dir.dat 	 -0.85 	 -0.79 	 -0.96 	 -0.96 	 -0.30 	 -0.58 	 -0.63 	  0.41  
                 StepPoints.dat 	 0.40 	 0.48 	 0.55 	 0.67 	 0.47 	 0.59 	 0.44 	 0.53 	 0.59 	 0.39 	 0.42 	 0.58 	 0.62 	 0.52 	 0.39 	 0.62 	 0.62
                 PointsComp.dat 	 0.35
                dir_changes.dat	    0.00	   -0.10	   -0.02	   -0.01	    0.00	    0.00	    0.00	    0.00	    0.00	   -0.02	   -0.01	    0.01	    0.00	    0.01	    0.00	    0.00	    0.02	    0.00	   -0.01	    0.00	    0.00	    0.02	    0.02	    0.00	    0.02	    0.18	   -0.04	   -0.04	   -0.02	   -0.04	    0.00	   -0.02	    0.00	    0.00	    0.00	    0.00	    0.00	    0.00	    0.00	   -0.02	    0.00	    0.00	    0.00	   -0.02	    0.00	   -0.02	   -0.02	    0.00	    0.00	    0.00	    0.00	    0.00	    0.00	   -0.01	    0.00	    0.00	    0.00	    0.00	    0.00	    0.00	    0.00	   -0.01	    0.00	    0.00
            cor_dir_changes.dat 	 -0.59 	 -0.59 	 -0.45 	 -0.00 	 -0.12 	  0.00 	  0.31 	 -0.13  
