C:\mcg1204\averaged\00004702.000\00004702.r0l 
20 30
64 756
-1577
-1128
-686
-227
276
848
1517
2271
3050
3796
4452
4961
5267
5348
5296
5223
5238
5454
5982
6739
7536
8316
9023
9603
10000
10064
9724
9033
8047
6823
5416
-1246
-951
-647
-314
68
519
1058
1735
2435
3125
3772
4343
4806
5135
5362
5566
5827
6225
6841
7520
8188
8806
9333
9730
9956
9958
9629
9010
8141
7061
5811
-956
-809
-636
-423
-155
180
597
1195
1816
2449
3087
3719
4337
4892
5375
5834
6318
6877
7558
8175
8731
9203
9566
9796
9869
9804
9484
8933
8176
7238
6141
-728
-717
-662
-555
-389
-156
151
662
1195
1763
2383
3068
3834
4597
5319
6017
6708
7410
8140
8710
9172
9514
9730
9810
9746
9610
9295
8809
8161
7360
6414
-583
-688
-732
-713
-629
-479
-261
146
575
1063
1649
2371
3268
4230
5180
6104
6991
7824
8592
9134
9517
9748
9834
9781
9596
9386
9071
8645
8102
7433
6633
-541
-737
-854
-897
-871
-779
-625
-343
-41
343
872
1608
2614
3768
4940
6086
7162
8122
8922
9453
9775
9912
9885
9716
9429
9139
8820
8449
8005
7464
6804
-625
-878
-1037
-1110
-1109
-1043
-922
-796
-651
-401
40
760
1845
3190
4584
5952
7217
8304
9136
9673
9953
10013
9891
9626
9255
8879
8549
8228
7877
7458
6934
-798
-1028
-1163
-1222
-1226
-1193
-1142
-1154
-1153
-1038
-709
-63
998
2483
4046
5596
7046
8305
9285
9810
10052
10056
9866
9528
9085
8706
8402
8127
7837
7487
7032
-1006
-1200
-1299
-1334
-1331
-1320
-1329
-1484
-1633
-1661
-1450
-885
149
1763
3482
5204
6827
8248
9364
9886
10100
10057
9809
9406
8900
8515
8231
7998
7764
7478
7090
-1235
-1392
-1457
-1466
-1457
-1467
-1535
-1827
-2120
-2283
-2185
-1694
-681
1033
2881
4747
6516
8070
9296
9830
10031
9957
9666
9215
8662
8267
8001
7807
7627
7403
7077
-1469
-1602
-1643
-1638
-1635
-1679
-1817
-2226
-2644
-2922
-2917
-2481
-1469
301
2233
4198
6067
7710
9000
9569
9779
9696
9385
8908
8331
7925
7676
7520
7393
7230
6967
-1697
-1828
-1868
-1873
-1897
-1997
-2229
-2723
-3232
-3594
-3649
-3235
-2191
-427
1527
3528
5435
7106
8397
9030
9279
9217
8913
8440
7867
7452
7221
7104
7031
6930
6730
-1904
-2068
-2141
-2189
-2276
-2467
-2827
-3360
-3915
-4315
-4384
-3946
-2827
-1146
750
2710
4576
6195
7410
8141
8465
8458
8198
7764
7232
6809
6599
6525
6509
6472
6339
-2069
-2403
-2636
-2819
-3002
-3235
-3568
-4033
-4497
-4812
-4826
-4390
-3353
-1788
-42
1753
3468
4972
6134
6857
7227
7306
7162
6859
6462
6156
6017
5981
5982
5955
5834
-2190
-2705
-3111
-3442
-3734
-4022
-4342
-4715
-5067
-5274
-5211
-4754
-3778
-2359
-797
802
2334
3691
4769
5492
5914
6087
6065
5900
5646
5456
5389
5392
5410
5392
5284
-2275
-2975
-3555
-4037
-4440
-4787
-5096
-5367
-5596
-5685
-5535
-5047
-4121
-2865
-1503
-115
1216
2411
3388
4112
4587
4855
4956
4930
4819
4742
4742
4779
4811
4797
4699
-2334
-3211
-3959
-4583
-5091
-5487
-5779
-5949
-6057
-6030
-5793
-5275
-4401
-3310
-2148
-973
158
1189
2064
2783
3306
3663
3881
3989
4015
4043
4102
4164
4201
4185
4087
-2375
-3412
-4310
-5060
-5654
-6083
-6339
-6422
-6422
-6291
-5982
-5447
-4638
-3696
-2720
-1744
-798
83
871
1572
2131
2565
2889
3118
3270
3390
3496
3571
3601
3569
3460
-2410
-3578
-4598
-5446
-6098
-6533
-6726
-6746
-6662
-6453
-6096
-5569
-4851
-4028
-3209
-2401
-1612
-849
-119
546
1123
1615
2026
2359
2619
2814
2949
3022
3029
2964
2827
-2447
-3610
-4634
-5497
-6179
-6659
-6917
-6922
-6829
-6616
-6262
-5748
-5051
-4340
-3631
-2927
-2230
-1545
-875
-181
429
958
1409
1781
2078
2281
2415
2478
2469
2386
2226
-2490
-3620
-4619
-5470
-6153
-6651
-6947
-6960
-6881
-6688
-6361
-5883
-5231
-4605
-3977
-3347
-2714
-2079
-1442
-735
-106
444
918
1314
1632
1837
1963
2012
1982
1874
1688
-2533
-3607
-4560
-5374
-6036
-6529
-6839
-6879
-6831
-6676
-6395
-5970
-5382
-4819
-4252
-3675
-3086
-2480
-1853
-1148
-514
46
530
937
1263
1467
1583
1613
1559
1423
1208
-2572
-3573
-4460
-5221
-5843
-6313
-6620
-6699
-6695
-6590
-6366
-6007
-5495
-4982
-4461
-3925
-3366
-2776
-2148
-1452
-823
-263
221
629
954
1156
1259
1270
1191
1026
779
-2602
-3516
-4326
-5020
-5590
-6025
-6315
-6440
-6485
-6436
-6276
-5989
-5559
-5090
-4611
-4110
-3576
-2996
-2360
-1682
-1063
-511
-32
369
687
887
980
972
868
675
398
-2619
-3439
-4163
-4783
-5294
-5685
-5952
-6121
-6217
-6224
-6128
-5913
-5565
-5143
-4708
-4244
-3737
-3170
-2529
-1870
-1266
-725
-254
138
446
647
731
707
582
363
59
-2609
-3352
-4010
-4573
-5031
-5375
-5597
-5773
-5878
-5907
-5855
-5717
-5486
-5120
-4750
-4353
-3903
-3377
-2749
-2143
-1568
-1035
-557
-147
182
391
472
435
294
61
-251
-2567
-3246
-3850
-4367
-4787
-5096
-5285
-5444
-5536
-5564
-5532
-5447
-5312
-5033
-4762
-4464
-4106
-3653
-3071
-2509
-1952
-1418
-925
-488
-125
103
190
153
7
-228
-539
-2498
-3120
-3678
-4157
-4545
-4827
-4991
-5117
-5176
-5185
-5158
-5108
-5050
-4885
-4737
-4564
-4322
-3968
-3458
-2932
-2388
-1848
-1332
-862
-461
-203
-100
-129
-270
-501
-800
-2406
-2974
-3487
-3931
-4290
-4548
-4689
-4769
-4786
-4764
-4729
-4703
-4711
-4677
-4671
-4640
-4532
-4293
-3873
-3381
-2847
-2296
-1755
-1250
-806
-513
-386
-401
-530
-748
-1028
-2295
-2806
-3274
-3679
-4006
-4237
-4353
-4382
-4350
-4293
-4243
-4235
-4304
-4411
-4556
-4677
-4713
-4601
-4280
-3822
-3298
-2737
-2170
-1629
-1144
-810
-656
-650
-763
-963
-1219
-2172
-2618
-3031
-3391
-3679
-3874
-3958
-3935
-3855
-3762
-3699
-3710
-3839
-4089
-4388
-4663
-4845
-4861
-4642
-4222
-3711
-3143
-2554
-1981
-1458
-1080
-894
-866
-959
-1139
-1369
