                   00004702.B0l 1
                      g_glb.dat 	   8.14 	   3.21 	   2.29 	   2.64 	   3.93 	   2.36 	   0.57 	   1.00
                      g_dir.dat 	   0.00 	 -15.00 	  11.00
                     g_step.dat 	   3.06 	  40.00 	  37.00 	  17.00 	   2.07 	  30.00 	  10.00 	  16.00
                    max_min.dat	    1.47	    1.45	    1.23	    1.02	    0.95	    1.04	    1.19	    1.39	    1.46	    1.49	    1.47	    1.36	    1.15	    1.02	    1.02	    1.03	    1.01	    0.94	    0.86	    0.83	    0.90	    1.04	    1.11	    1.16	    1.22	    1.29	    1.36	    1.40	    1.39	    1.34	    1.31	    1.31	    1.31	    1.32	    1.33	    1.35	    1.38	    1.40	    1.42	    1.45	    1.48	    1.51	    1.55	    1.61	    1.68	    1.75	    1.81	    1.87	    1.91	    1.95	    1.98	    1.99	    1.99	    1.98	    1.95	    1.91	    1.88	    1.85	    1.79	    1.74	    1.67	    1.56	    1.50	    1.49
                    cor_max.dat 	  0.82 	  0.75 	  0.86 	  0.94 	  0.92 	  0.98 	  0.92 	  0.89  
                     correl.dat	   -0.12	    0.33	    0.38	    0.43	    0.50	    0.54	    0.54	    0.52	    0.51	    0.52	    0.56	    0.64	    0.70	    0.74	    0.76	    0.77	    0.78	    0.80	    0.82	    0.85	    0.87	    0.90	    0.91	    0.91	    0.91	    0.90	    0.89	    0.89	    0.90	    0.90	    0.91	    0.91	    0.91	    0.91	    0.91	    0.91	    0.91	    0.91	    0.91	    0.91	    0.91	    0.90	    0.90	    0.90	    0.90	    0.89	    0.89	    0.88	    0.88	    0.88	    0.87	    0.87	    0.87	    0.87	    0.87	    0.86	    0.86	    0.86	    0.86	    0.86	    0.85	    0.85	    0.84	    0.84
               max_minValue.dat	    0.66	    0.68	    0.64	    1.03	    1.31	    1.87	  278.00	 -189.00	  288.00	 -199.00	  284.00	 -231.00	  281.00	 -276.00	  277.00	 -293.00	  276.00	 -266.00	  281.00	 -236.00	  303.00	 -218.00	  344.00	 -236.00	  366.00	 -245.00	  365.00	 -248.00	  338.00	 -248.00	  303.00	 -263.00	  291.00	 -286.00	  317.00	 -310.00	  339.00	 -328.00	  351.00	 -346.00	  352.00	 -375.00	  353.00	 -412.00	  362.00	 -435.00	  400.00	 -442.00	  481.00	 -464.00	  575.00	 -518.00	  683.00	 -590.00	  828.00	 -680.00	  956.00	 -741.00	 1083.00	 -796.00	 1216.00	 -867.00	 1307.00	 -941.00	 1376.00	 -1024.00	 1431.00	 -1092.00	 1458.00	 -1109.00	 1458.00	 -1109.00	 1460.00	 -1108.00	 1460.00	 -1095.00	 1459.00	 -1083.00	 1453.00	 -1053.00	 1444.00	 -1029.00	 1432.00	 -1007.00	 1416.00	 -978.00	 1398.00	 -942.00	 1375.00	 -908.00	 1348.00	 -868.00	 1321.00	 -822.00	 1272.00	 -758.00	 1238.00	 -709.00	 1199.00	 -663.00	 1156.00	 -617.00	 1109.00	 -580.00	 1056.00	 -541.00	 1008.00	 -510.00	  953.00	 -478.00	  870.00	 -438.00	  814.00	 -411.00	  759.00	 -390.00	  703.00	 -368.00	  648.00	 -345.00	  594.00	 -321.00	  544.00	 -304.00	  496.00	 -285.00	  426.00	 -255.00	  383.00	 -246.00	  346.00	 -230.00	  336.00	 -226.00
                    cor_cor.dat 	  0.73 	  0.56 	  0.76 	  0.78 	  0.98 	  0.99 	  0.99 	  0.94  
                  direction.dat	   -0.66	   -0.59	   -0.27	   -0.27	   -0.32	   -0.30	   -0.30	   -0.35	   -0.35	   -0.35	   -0.35	   -0.24	   -0.22	   -0.13	   -0.12	   -0.12	   -0.13	   -0.13	   -0.10	   -0.12	   -0.10	   -0.12	   -0.11	   -0.10	   -0.08	   -0.08	   -0.07	   -0.07	   -0.07	   -0.07	   -0.07	   -0.07	   -0.07	   -0.07	   -0.07	   -0.07	   -0.07	   -0.06	   -0.06	   -0.05	   -0.05	   -0.05	   -0.05	   -0.05	   -0.05	   -0.05	   -0.04	   -0.04	   -0.04	   -0.04	   -0.04	   -0.04	   -0.04	   -0.04	   -0.04	   -0.02	   -0.02	   -0.02	   -0.01	   -0.01	   -0.01	    0.01	   -0.00	   -0.00
                    cor_dir.dat 	  0.72 	  0.75 	  0.71 	  0.66 	  0.35 	  0.92 	  0.83 	  0.14  
                 StepPoints.dat 	 0.24 	 0.64 	 0.55 	 0.48 	 0.62 	 0.56 	 0.58 	 0.56 	 0.67 	 0.53 	 0.66 	 0.58 	 0.56 	 0.59 	 0.62 	 0.59 	 0.59
                 PointsComp.dat 	 0.19
                dir_changes.dat	    0.00	    0.07	    0.32	    0.00	   -0.05	    0.02	    0.00	   -0.06	    0.00	    0.00	    0.00	    0.12	    0.01	    0.09	    0.01	    0.00	   -0.01	    0.01	    0.03	   -0.02	    0.02	   -0.03	    0.01	    0.01	    0.01	    0.00	    0.01	    0.00	    0.00	    0.00	    0.00	    0.00	    0.00	    0.01	    0.00	    0.00	    0.00	    0.01	    0.00	    0.01	    0.00	    0.00	    0.00	    0.00	    0.00	    0.00	    0.01	    0.00	    0.00	    0.00	    0.00	    0.00	   -0.00	    0.00	    0.00	    0.02	    0.00	    0.00	    0.01	    0.00	    0.00	    0.02	   -0.01	    0.00
            cor_dir_changes.dat 	  0.34 	  0.35 	 -0.49 	  0.00 	  0.22 	  0.46 	 -0.19 	  0.22  
