D:\SOFTMAG\cryoton\averaged\00005302.000\00005302.R0l 
20 30
64 755
-2088
-1904
-1722
-1530
-1318
-1075
-789
-540
-370
-213
-1
332
855
1625
2478
3140
3340
2806
1266
-938
-3193
-5362
-7310
-8902
-10000
-10242
-9447
-7752
-5291
-2201
1381
-1912
-1768
-1622
-1459
-1268
-1034
-746
-473
-265
-67
176
521
1024
1765
2566
3194
3418
3003
1718
-94
-1953
-3742
-5344
-6643
-7522
-7855
-7303
-5983
-4010
-1502
1425
-1750
-1646
-1533
-1399
-1226
-1002
-710
-417
-175
58
330
682
1159
1864
2608
3196
3437
3135
2099
648
-842
-2278
-3562
-4596
-5286
-5672
-5326
-4344
-2824
-860
1447
-1615
-1547
-1466
-1357
-1201
-983
-686
-374
-98
171
470
828
1280
1938
2613
3150
3396
3197
2397
1279
125
-988
-1984
-2785
-3314
-3714
-3534
-2851
-1741
-282
1447
-1517
-1482
-1430
-1342
-1201
-986
-679
-344
-32
277
606
975
1406
2000
2589
3059
3295
3181
2603
1785
934
110
-631
-1231
-1633
-2002
-1943
-1514
-771
226
1423
-1468
-1461
-1434
-1364
-1231
-1015
-695
-329
26
383
751
1137
1553
2063
2547
2929
3133
3084
2707
2152
1570
999
477
42
-268
-558
-572
-347
76
663
1374
-1480
-1496
-1487
-1430
-1301
-1079
-740
-332
80
496
913
1329
1743
2142
2494
2762
2909
2900
2697
2367
2016
1661
1321
1013
756
598
563
635
793
1020
1299
-1536
-1567
-1572
-1525
-1399
-1168
-805
-329
157
643
1116
1562
1971
2303
2573
2759
2841
2799
2613
2411
2205
2005
1821
1664
1543
1328
1190
1119
1105
1137
1206
-1607
-1650
-1668
-1631
-1507
-1266
-877
-333
228
784
1312
1789
2193
2453
2634
2732
2744
2664
2489
2395
2315
2250
2204
2178
2174
1926
1708
1519
1356
1218
1101
-1681
-1737
-1767
-1739
-1616
-1365
-951
-346
281
898
1474
1973
2363
2549
2640
2649
2588
2469
2303
2291
2311
2357
2423
2503
2590
2341
2076
1801
1522
1245
975
-1747
-1815
-1859
-1840
-1719
-1459
-1019
-372
304
967
1572
2076
2436
2549
2553
2476
2345
2188
2035
2073
2162
2286
2432
2585
2732
2523
2252
1932
1577
1202
820
-1793
-1876
-1935
-1926
-1809
-1540
-1077
-412
287
968
1578
2061
2365
2413
2336
2179
1984
1798
1663
1713
1832
1996
2183
2372
2540
2421
2193
1878
1497
1074
629
-1809
-1908
-1983
-1989
-1877
-1602
-1118
-470
217
883
1463
1891
2105
2099
1952
1725
1478
1272
1167
1185
1289
1448
1632
1812
1957
1985
1858
1605
1256
843
394
-1789
-1862
-1916
-1912
-1808
-1563
-1138
-563
45
632
1141
1515
1698
1654
1490
1255
996
764
606
574
622
725
859
999
1121
1167
1096
934
704
432
141
-1743
-1791
-1827
-1814
-1719
-1507
-1143
-652
-135
360
785
1092
1233
1165
995
763
504
258
61
-30
-47
-10
63
155
245
316
310
247
144
22
-101
-1678
-1703
-1721
-1702
-1617
-1439
-1138
-740
-321
75
410
643
733
649
484
264
15
-235
-462
-616
-702
-733
-722
-683
-628
-532
-473
-438
-414
-387
-345
-1599
-1603
-1605
-1581
-1510
-1367
-1131
-826
-510
-214
28
185
223
129
-24
-225
-458
-707
-959
-1172
-1323
-1419
-1468
-1476
-1453
-1342
-1229
-1105
-964
-798
-599
-1514
-1499
-1486
-1460
-1402
-1297
-1127
-914
-697
-499
-346
-264
-275
-374
-514
-693
-905
-1149
-1420
-1683
-1889
-2041
-2139
-2187
-2184
-2078
-1930
-1737
-1498
-1212
-876
-1430
-1396
-1371
-1344
-1302
-1236
-1134
-1005
-879
-772
-702
-686
-740
-843
-968
-1122
-1314
-1551
-1842
-2137
-2382
-2573
-2705
-2775
-2779
-2705
-2549
-2315
-2007
-1628
-1184
-1356
-1333
-1319
-1303
-1277
-1229
-1151
-1086
-1023
-979
-970
-1010
-1118
-1226
-1354
-1507
-1693
-1919
-2191
-2491
-2742
-2942
-3086
-3171
-3195
-3089
-2907
-2652
-2329
-1940
-1489
-1299
-1285
-1279
-1273
-1259
-1228
-1172
-1151
-1132
-1131
-1162
-1241
-1382
-1499
-1632
-1788
-1972
-2189
-2446
-2737
-2981
-3176
-3320
-3408
-3439
-3321
-3134
-2880
-2562
-2184
-1749
-1255
-1247
-1247
-1250
-1246
-1230
-1194
-1199
-1207
-1232
-1287
-1386
-1543
-1671
-1812
-1972
-2155
-2366
-2609
-2881
-3109
-3290
-3423
-3505
-3533
-3420
-3243
-3006
-2711
-2361
-1957
-1221
-1216
-1221
-1230
-1235
-1232
-1214
-1231
-1251
-1286
-1350
-1455
-1614
-1752
-1902
-2066
-2249
-2454
-2684
-2930
-3135
-3296
-3412
-3480
-3500
-3403
-3249
-3041
-2780
-2469
-2108
-1192
-1190
-1198
-1210
-1222
-1230
-1228
-1244
-1264
-1298
-1359
-1457
-1605
-1753
-1910
-2078
-2259
-2457
-2674
-2891
-3069
-3207
-3302
-3354
-3362
-3288
-3164
-2992
-2773
-2507
-2197
-1167
-1165
-1173
-1187
-1204
-1221
-1233
-1239
-1248
-1271
-1319
-1401
-1529
-1684
-1846
-2015
-2193
-2381
-2582
-2770
-2922
-3035
-3110
-3145
-3141
-3093
-3002
-2869
-2693
-2476
-2220
-1135
-1146
-1165
-1187
-1206
-1218
-1220
-1214
-1211
-1220
-1251
-1312
-1415
-1552
-1696
-1851
-2021
-2208
-2416
-2584
-2719
-2819
-2884
-2910
-2896
-2884
-2825
-2722
-2576
-2388
-2161
-1093
-1116
-1143
-1170
-1189
-1196
-1184
-1168
-1152
-1147
-1160
-1202
-1280
-1390
-1509
-1642
-1796
-1974
-2182
-2342
-2473
-2573
-2639
-2668
-2659
-2666
-2624
-2535
-2402
-2228
-2015
-1044
-1076
-1110
-1140
-1157
-1156
-1130
-1100
-1070
-1048
-1042
-1061
-1113
-1188
-1275
-1381
-1512
-1674
-1876
-2037
-2174
-2282
-2360
-2402
-2407
-2421
-2384
-2299
-2168
-1996
-1786
-991
-1031
-1070
-1100
-1113
-1103
-1061
-1012
-962
-918
-889
-880
-900
-937
-987
-1059
-1162
-1304
-1494
-1663
-1811
-1935
-2030
-2092
-2116
-2132
-2094
-2005
-1870
-1694
-1480
-938
-983
-1025
-1054
-1061
-1039
-979
-904
-827
-755
-694
-651
-632
-626
-635
-671
-742
-860
-1034
-1214
-1377
-1519
-1634
-1718
-1765
-1781
-1739
-1645
-1504
-1321
-1102
-888
-937
-979
-1005
-1004
-969
-888
-777
-664
-553
-451
-363
-296
-245
-211
-207
-245
-336
-493
-682
-860
-1020
-1156
-1262
-1332
-1349
-1307
-1210
-1066
-879
-657
