                   00005302.B0l 1
                      g_glb.dat 	  25.00 	   7.71 	   8.14 	   9.14 	   0.00 	   0.00 	   0.00 	   0.00
                      g_dir.dat 	  65.00 	 -141.00 	  59.00
                     g_step.dat 	   6.02 	 123.00 	 100.00 	 155.00 	   0.00 	   0.00 	   0.00 	   0.00
                    max_min.dat	    2.74	    1.44	    1.11	    1.51	    1.26	    1.10	    0.62	    0.58	    0.25	    0.49	    0.35	    0.24	    0.26	    0.25	    0.17	    0.30	    0.43	    0.44	    0.44	    0.44	    0.47	    0.63	    0.87	    1.32	    1.52	    1.48	    1.36	    1.35	    1.49	    1.58	    1.36	    1.19	    1.19	    1.10	    1.01	    0.94	    0.87	    0.83	    0.80	    0.81	    0.83	    0.87	    0.91	    0.96	    1.01	    1.06	    1.10	    1.15	    1.24	    1.29	    1.21	    1.06	    0.94	    0.83	    0.73	    0.66	    0.60	    0.54	    0.48	    0.45	    0.41	    0.37	    0.32	    0.27
                    cor_max.dat 	  0.85 	  0.88 	  0.95 	  0.62 	  0.77 	  0.81 	  0.84 	  0.61  
                     correl.dat	   -0.68	   -0.39	   -0.31	   -0.40	   -0.35	   -0.18	    0.24	    0.27	    0.29	    0.39	    0.53	    0.66	    0.81	    0.78	    0.67	    0.60	    0.57	    0.58	    0.63	    0.60	    0.49	    0.43	    0.34	    0.27	    0.24	    0.23	    0.23	    0.22	    0.17	    0.14	    0.11	    0.07	    0.07	    0.07	    0.06	    0.07	    0.07	    0.07	    0.05	    0.05	    0.01	    0.01	    0.04	    0.07	    0.10	    0.13	    0.16	    0.19	    0.23	    0.25	    0.27	    0.29	    0.32	    0.35	    0.38	    0.41	    0.44	    0.46	    0.49	    0.52	    0.55	    0.60	    0.64	    0.68
               max_minValue.dat	   -0.13	    0.18	   -0.25	   -0.30	    1.19	    1.15	  288.00	 -105.00	  207.00	 -144.00	  186.00	 -168.00	  216.00	 -143.00	  184.00	 -146.00	  152.00	 -138.00	  106.00	 -170.00	   92.00	 -159.00	   31.00	 -124.00	   68.00	 -139.00	   95.00	 -269.00	   85.00	 -352.00	  103.00	 -390.00	   98.00	 -399.00	   61.00	 -359.00	  103.00	 -338.00	  143.00	 -336.00	  147.00	 -337.00	  151.00	 -346.00	  136.00	 -309.00	  125.00	 -265.00	  174.00	 -277.00	  220.00	 -252.00	  274.00	 -208.00	  308.00	 -203.00	  297.00	 -201.00	  295.00	 -217.00	  321.00	 -238.00	  389.00	 -261.00	  480.00	 -304.00	  503.00	 -369.00	  482.00	 -404.00	  482.00	 -404.00	  470.00	 -427.00	  459.00	 -453.00	  447.00	 -478.00	  437.00	 -501.00	  428.00	 -518.00	  423.00	 -530.00	  425.00	 -527.00	  430.00	 -518.00	  435.00	 -502.00	  438.00	 -481.00	  440.00	 -458.00	  437.00	 -433.00	  432.00	 -408.00	  425.00	 -386.00	  419.00	 -364.00	  415.00	 -336.00	  414.00	 -322.00	  414.00	 -342.00	  413.00	 -388.00	  408.00	 -434.00	  397.00	 -481.00	  381.00	 -519.00	  361.00	 -549.00	  338.00	 -567.00	  314.00	 -578.00	  279.00	 -579.00	  257.00	 -576.00	  235.00	 -574.00	  215.00	 -580.00	  190.00	 -595.00	  164.00	 -608.00
                    cor_cor.dat 	 -0.32 	 -0.74 	 -0.60 	  0.59 	  0.51 	  0.24 	  0.45 	  0.78  
                  direction.dat	    0.06	    0.25	    0.27	    0.28	    0.03	    0.70	    0.75	    0.73	    0.70	   -0.88	   -0.90	   -0.90	   -0.92	   -0.94	    0.75	   -0.75	   -0.88	   -0.86	   -0.90	   -0.93	   -0.75	   -0.75	   -0.75	   -0.81	   -0.84	   -0.03	    0.35	    0.36	    0.38	    0.40	    0.03	    0.37	    0.37	    0.37	    0.38	    0.40	    0.40	    0.39	    0.39	    0.39	    0.39	    0.39	    0.39	    0.38	    0.38	    0.38	    0.36	    0.36	    0.36	    0.37	   -0.98	   -1.00	   -1.00	   -1.00	   -1.00	   -1.00	   -1.00	   -1.00	   -1.00	   -1.00	   -1.00	   -1.00	   -1.00	   -1.00
                    cor_dir.dat 	 -0.38 	 -0.59 	 -0.51 	 -0.28 	 -0.28 	 -0.42 	 -0.10 	 -0.30  
                 StepPoints.dat 	 0.41 	 0.48 	 0.53 	 0.56 	 0.48 	 0.58 	 0.55 	 0.45 	 0.58 	 0.59 	 0.62 	 0.58 	 0.55 	 0.50 	 0.48 	 0.45 	 0.47
                 PointsComp.dat 	 0.39
                dir_changes.dat	    0.00	    0.19	    0.02	    0.01	   -0.26	    0.67	    0.05	   -0.02	   -0.03	   -1.58	   -0.01	    0.00	   -0.03	   -0.01	    1.69	   -1.50	   -0.13	    0.02	   -0.03	   -0.03	    0.18	    0.00	    0.00	   -0.06	   -0.03	    0.81	    0.38	    0.02	    0.02	    0.02	   -0.36	    0.34	    0.00	    0.00	    0.01	    0.02	    0.00	   -0.01	    0.00	    0.00	    0.00	    0.00	    0.00	   -0.01	    0.00	    0.00	   -0.02	    0.00	    0.00	    0.01	   -1.35	   -0.02	    0.00	    0.00	    0.00	    0.00	    0.00	    0.00	    0.00	    0.00	    0.00	    0.00	    0.00	    0.00
            cor_dir_changes.dat 	  0.13 	  0.80 	 -0.09 	 -0.00 	  0.00 	  0.00 	  0.00 	  0.00  
