C:\mcg1204\averaged\00000701.000\00000701.R0l 
20 30
64 750
203
985
1695
2286
2713
2929
2889
2632
2280
1901
1566
1345
1309
1475
1754
2050
2269
2317
2099
1639
1059
404
-277
-939
-1534
-1934
-2079
-2014
-1788
-1446
-1038
971
1576
2124
2583
2920
3101
3094
3021
2868
2691
2547
2493
2587
2759
3010
3255
3407
3381
3091
2600
2004
1344
664
7
-584
-1049
-1276
-1309
-1191
-964
-672
1650
2081
2472
2802
3052
3202
3232
3316
3336
3333
3354
3441
3639
3824
4057
4259
4353
4262
3909
3398
2797
2144
1477
836
259
-252
-546
-661
-634
-505
-312
2169
2442
2689
2905
3082
3215
3297
3516
3685
3835
3997
4202
4480
4691
4916
5086
5132
4987
4582
4054
3452
2809
2159
1537
976
438
98
-75
-120
-68
45
2460
2599
2728
2854
2984
3125
3284
3618
3917
4200
4485
4788
5128
5377
5607
5758
5770
5584
5140
4591
3982
3344
2706
2098
1550
1009
649
438
347
346
406
2452
2492
2539
2612
2731
2916
3187
3620
4035
4436
4827
5214
5601
5902
6152
6299
6292
6080
5611
5028
4400
3754
3115
2508
1960
1446
1092
874
765
739
773
2076
2064
2075
2141
2295
2571
3002
3522
4040
4547
5034
5492
5914
6285
6573
6733
6724
6503
6027
5388
4720
4045
3384
2758
2189
1732
1418
1224
1129
1111
1151
1425
1509
1612
1761
1985
2314
2775
3372
3961
4539
5104
5654
6186
6574
6892
7089
7117
6925
6463
5774
5049
4314
3593
2912
2294
1835
1539
1382
1339
1385
1495
688
879
1084
1328
1634
2028
2532
3198
3851
4494
5131
5765
6400
6809
7161
7400
7468
7309
6866
6122
5335
4534
3749
3006
2335
1875
1600
1482
1493
1605
1787
-69
221
523
855
1236
1687
2226
2932
3618
4296
4974
5662
6370
6806
7200
7487
7603
7484
7065
6285
5455
4609
3777
2993
2288
1840
1599
1533
1612
1801
2069
-778
-413
-41
352
783
1265
1815
2505
3171
3829
4495
5183
5910
6383
6827
7172
7344
7275
6891
6118
5290
4441
3608
2826
2131
1718
1535
1545
1714
2005
2383
-1372
-977
-578
-167
268
738
1253
1850
2419
2980
3555
4166
4834
5356
5863
6277
6518
6510
6172
5476
4718
3936
3170
2459
1842
1499
1407
1528
1821
2249
2770
-1783
-1420
-1059
-693
-315
78
496
900
1269
1632
2015
2447
2957
3542
4126
4623
4949
5016
4740
4214
3618
2996
2390
1843
1399
1170
1215
1491
1954
2562
3273
-1985
-1678
-1373
-1080
-812
-578
-389
-301
-245
-180
-63
145
491
1013
1585
2126
2556
2793
2756
2496
2159
1786
1417
1092
852
870
1134
1606
2244
3008
3856
-2026
-1801
-1579
-1387
-1254
-1207
-1275
-1523
-1802
-2055
-2226
-2260
-2100
-1646
-1091
-511
16
417
614
646
593
493
385
307
297
557
1037
1701
2509
3424
4407
-1943
-1813
-1686
-1608
-1622
-1775
-2111
-2694
-3305
-3875
-4332
-4608
-4630
-4253
-3722
-3111
-2490
-1932
-1508
-1183
-949
-773
-617
-446
-223
253
926
1757
2712
3753
4846
-1774
-1737
-1703
-1736
-1897
-2247
-2850
-3742
-4662
-5523
-6242
-6734
-6915
-6621
-6124
-5489
-4785
-4078
-3436
-2837
-2338
-1905
-1505
-1105
-670
-18
801
1756
2813
3937
5096
-1557
-1596
-1639
-1767
-2057
-2589
-3441
-4596
-5776
-6881
-7813
-8475
-8766
-8567
-8113
-7466
-6689
-5844
-4994
-4163
-3440
-2794
-2192
-1605
-1000
-239
664
1679
2774
3918
5079
-1331
-1414
-1504
-1695
-2083
-2765
-3837
-5183
-6553
-7832
-8908
-9668
-10000
-9907
-9508
-8860
-8021
-7050
-6004
-5006
-4125
-3329
-2592
-1882
-1173
-385
518
1509
2558
3637
4717
-1163
-1327
-1495
-1758
-2208
-2935
-4033
-5433
-6854
-8188
-9324
-10154
-10568
-10422
-9988
-9319
-8468
-7489
-6434
-5348
-4384
-3515
-2715
-1957
-1215
-475
355
1251
2186
3131
4061
-1084
-1289
-1495
-1789
-2260
-2993
-4075
-5467
-6878
-8204
-9339
-10176
-10610
-10427
-9973
-9298
-8450
-7478
-6431
-5317
-4333
-3453
-2653
-1909
-1196
-541
180
944
1726
2500
3244
-1077
-1288
-1499
-1792
-2249
-2954
-3990
-5321
-6672
-7940
-9023
-9816
-10219
-10013
-9554
-8887
-8056
-7106
-6082
-4992
-4038
-3198
-2449
-1769
-1137
-593
-8
595
1197
1775
2305
-1120
-1312
-1502
-1768
-2187
-2838
-3799
-5032
-6284
-7454
-8445
-9156
-9489
-9273
-8823
-8178
-7378
-6463
-5474
-4448
-3564
-2803
-2145
-1570
-1058
-644
-213
215
620
982
1282
-1196
-1351
-1501
-1720
-2082
-2661
-3530
-4636
-5759
-6805
-7676
-8277
-8512
-8299
-7870
-7260
-6504
-5637
-4696
-3762
-2977
-2325
-1786
-1344
-980
-702
-432
-188
13
153
215
-1286
-1391
-1490
-1651
-1945
-2439
-3205
-4167
-5147
-6051
-6786
-7260
-7381
-7183
-6788
-6224
-5524
-4717
-3837
-3012
-2343
-1816
-1414
-1122
-925
-780
-668
-605
-604
-683
-857
-1338
-1407
-1472
-1592
-1828
-2240
-2890
-3698
-4522
-5281
-5892
-6273
-6344
-6147
-5781
-5269
-4640
-3918
-3130
-2451
-1915
-1509
-1221
-1038
-946
-952
-997
-1095
-1257
-1498
-1830
-1327
-1379
-1426
-1522
-1718
-2066
-2617
-3300
-3999
-4642
-5157
-5476
-5525
-5338
-5009
-4559
-4009
-3380
-2694
-2132
-1701
-1390
-1189
-1087
-1072
-1186
-1346
-1562
-1844
-2204
-2652
-1272
-1316
-1358
-1440
-1607
-1900
-2363
-2939
-3529
-4074
-4513
-4785
-4832
-4664
-4382
-4002
-3541
-3015
-2441
-1980
-1637
-1405
-1273
-1236
-1283
-1472
-1713
-2014
-2384
-2831
-3363
-1193
-1233
-1271
-1343
-1482
-1724
-2103
-2578
-3066
-3519
-3887
-4121
-4170
-4032
-3808
-3509
-3147
-2735
-2282
-1917
-1658
-1498
-1432
-1453
-1557
-1798
-2098
-2463
-2897
-3408
-4001
-1109
-1139
-1170
-1227
-1336
-1523
-1813
-2181
-2563
-2919
-3211
-3400
-3448
-3351
-3196
-2989
-2738
-2449
-2130
-1867
-1697
-1616
-1620
-1707
-1873
-2154
-2501
-2915
-3402
-3964
-4604
-1038
-1048
-1060
-1091
-1157
-1277
-1467
-1712
-1971
-2214
-2414
-2542
-2573
-2528
-2453
-2351
-2222
-2070
-1896
-1752
-1688
-1703
-1796
-1966
-2212
-2530
-2919
-3382
-3917
-4528
-5214
