                   00000701.B0l 1
                      g_glb.dat 	   5.64 	   2.00 	   1.07 	   2.00 	   1.93 	   1.21 	   0.36 	   0.36
                      g_dir.dat 	   0.00 	   0.00 	   0.00
                     g_step.dat 	   1.91 	  28.00 	  17.00 	  22.00 	   1.00 	  14.00 	   5.00 	   5.00
                    max_min.dat	    1.89	    1.03	    0.75	    0.72	    0.73	    0.74	    0.78	    0.83	    0.88	    0.91	    0.94	    0.95	    0.96	    0.97	    0.97	    0.92	    0.85	    0.76	    0.72	    0.69	    0.69	    0.72	    0.76	    0.80	    0.83	    0.83	    0.81	    0.79	    0.75	    0.73	    0.70	    0.68	    0.68	    0.67	    0.66	    0.65	    0.63	    0.62	    0.61	    0.59	    0.57	    0.56	    0.55	    0.56	    0.57	    0.59	    0.61	    0.63	    0.65	    0.69	    0.73	    0.75	    0.79	    0.81	    0.81	    0.81	    0.78	    0.74	    0.70	    0.66	    0.63	    0.60	    0.59	    0.60
                    cor_max.dat 	  0.75 	  0.73 	  0.73 	  0.82 	  0.67 	  0.66 	  0.65 	  0.71  
                     correl.dat	    0.44	    0.69	    0.74	    0.74	    0.72	    0.70	    0.70	    0.72	    0.76	    0.78	    0.79	    0.78	    0.77	    0.75	    0.74	    0.74	    0.75	    0.77	    0.79	    0.80	    0.81	    0.81	    0.80	    0.80	    0.80	    0.80	    0.81	    0.81	    0.82	    0.82	    0.82	    0.83	    0.83	    0.83	    0.83	    0.84	    0.84	    0.84	    0.84	    0.84	    0.85	    0.85	    0.85	    0.84	    0.84	    0.84	    0.83	    0.83	    0.82	    0.81	    0.80	    0.79	    0.78	    0.76	    0.76	    0.75	    0.75	    0.75	    0.74	    0.74	    0.73	    0.72	    0.71	    0.68
               max_minValue.dat	   -0.67	   -0.75	   -0.62	   -0.92	   -0.68	   -0.63	  600.00	 -318.00	  678.00	 -659.00	  717.00	 -959.00	  715.00	 -993.00	  700.00	 -964.00	  710.00	 -961.00	  773.00	 -990.00	  873.00	 -1054.00	 1026.00	 -1161.00	 1152.00	 -1260.00	 1270.00	 -1356.00	 1326.00	 -1403.00	 1353.00	 -1409.00	 1363.00	 -1399.00	 1378.00	 -1423.00	 1424.00	 -1550.00	 1491.00	 -1763.00	 1621.00	 -2119.00	 1758.00	 -2441.00	 1926.00	 -2777.00	 2070.00	 -2982.00	 2233.00	 -3115.00	 2467.00	 -3239.00	 2694.00	 -3364.00	 2999.00	 -3608.00	 3258.00	 -3908.00	 3543.00	 -4348.00	 3731.00	 -4732.00	 3887.00	 -5150.00	 3954.00	 -5430.00	 3972.00	 -5684.00	 3971.00	 -5835.00	 3971.00	 -5835.00	 3951.00	 -5905.00	 3927.00	 -5941.00	 3871.00	 -5975.00	 3788.00	 -5974.00	 3672.00	 -5935.00	 3576.00	 -5885.00	 3404.00	 -5761.00	 3205.00	 -5582.00	 3056.00	 -5428.00	 2855.00	 -5150.00	 2710.00	 -4819.00	 2554.00	 -4442.00	 2445.00	 -4172.00	 2279.00	 -3754.00	 2110.00	 -3332.00	 1998.00	 -3057.00	 1835.00	 -2661.00	 1678.00	 -2302.00	 1576.00	 -2089.00	 1426.00	 -1809.00	 1277.00	 -1579.00	 1132.00	 -1393.00	 1037.00	 -1288.00	  899.00	 -1156.00	  769.00	 -1043.00	  687.00	 -975.00	  575.00	 -871.00	  477.00	 -762.00	  390.00	 -651.00	  339.00	 -570.00	  267.00	 -443.00
                    cor_cor.dat 	  0.93 	  0.94 	  0.93 	  0.93 	  0.95 	  0.96 	  0.95 	  0.95  
                  direction.dat	    0.25	   -0.08	   -0.08	   -0.08	   -0.08	   -0.08	   -0.06	   -0.06	   -0.08	   -0.08	   -0.08	   -0.08	   -0.08	   -0.08	   -0.08	   -0.06	   -0.05	   -0.04	   -0.04	   -0.04	   -0.04	   -0.04	   -0.04	   -0.05	   -0.05	   -0.05	   -0.04	   -0.04	   -0.03	   -0.03	   -0.03	   -0.03	   -0.03	   -0.03	   -0.01	   -0.01	   -0.01	   -0.01	   -0.01	   -0.01	   -0.01	   -0.01	   -0.01	   -0.01	    0.10	    0.10	    0.12	    0.12	    0.12	    0.14	    0.14	    0.14	    0.16	    0.16	    0.16	    0.16	    0.13	    0.13	    0.13	    0.13	    0.13	    0.13	    0.13	    0.15
                    cor_dir.dat 	 -0.19 	 -0.55 	  0.70 	  0.68 	  0.30 	  0.50 	 -0.64 	  0.43  
                 StepPoints.dat 	 0.16 	 0.45 	 0.48 	 0.44 	 0.56 	 0.42 	 0.45 	 0.48 	 0.52 	 0.45 	 0.47 	 0.48 	 0.52 	 0.44 	 0.44 	 0.45 	 0.53
                 PointsComp.dat 	 0.12
                dir_changes.dat	    0.00	   -0.33	    0.00	    0.00	    0.00	    0.00	    0.01	    0.00	   -0.01	    0.00	    0.00	    0.00	    0.00	    0.00	    0.00	    0.02	    0.01	    0.01	   -0.00	    0.00	    0.00	    0.00	    0.00	   -0.01	    0.00	    0.00	    0.01	    0.00	    0.01	    0.00	    0.00	    0.00	    0.00	    0.00	    0.01	    0.00	    0.00	    0.00	    0.00	    0.00	    0.00	    0.00	    0.00	    0.00	    0.12	    0.00	    0.02	    0.00	    0.00	    0.02	    0.00	    0.00	    0.02	    0.00	    0.00	    0.00	   -0.03	    0.00	    0.00	    0.00	    0.00	    0.00	    0.00	    0.02
            cor_dir_changes.dat 	 -0.94 	 -0.94 	  0.00 	  0.00 	  0.06 	  0.00 	  0.11 	  0.05  
