D:\Арсен 20-06-11\Новая папка (2)\CRYOTON\AVERAGED\00003601.000\00003601.R0l 
20 30
64 1001
3337
3215
3062
2831
2473
1940
1186
316
-531
-1362
-2182
-2995
-3806
-4586
-5242
-5681
-5811
-5539
-4772
-3662
-2455
-1198
62
1282
2413
3331
3976
4393
4629
4731
4744
2118
2180
2210
2156
1967
1591
977
213
-537
-1269
-1975
-2649
-3284
-3926
-4437
-4736
-4742
-4376
-3557
-2430
-1238
-21
1181
2329
3382
4241
4844
5232
5445
5523
5506
984
1209
1401
1504
1464
1224
729
66
-592
-1228
-1825
-2364
-2828
-3342
-3716
-3883
-3775
-3324
-2462
-1314
-132
1050
2198
3279
4259
5060
5625
5986
6178
6235
6190
-32
330
660
896
979
850
451
-126
-708
-1266
-1769
-2189
-2497
-2878
-3112
-3144
-2917
-2377
-1469
-294
882
2034
3133
4152
5063
5809
6336
6672
6845
6883
6812
-898
-425
12
351
529
483
149
-369
-902
-1407
-1844
-2171
-2349
-2582
-2659
-2537
-2176
-1530
-558
647
1824
2951
4006
4968
5815
6506
6998
7310
7466
7485
7390
-1579
-1030
-518
-109
130
132
-168
-667
-1187
-1677
-2085
-2358
-2444
-2498
-2388
-2084
-1558
-777
287
1530
2712
3819
4835
5745
6534
7172
7628
7918
8057
8059
7941
-2041
-1454
-905
-464
-202
-189
-496
-1022
-1579
-2103
-2530
-2797
-2841
-2672
-2332
-1804
-1070
-111
1089
2373
3566
4658
5640
6504
7241
7825
8247
8515
8637
8623
8482
-2324
-1744
-1191
-741
-473
-462
-786
-1424
-2092
-2710
-3197
-3473
-3455
-3064
-2479
-1698
-716
468
1860
3204
4417
5497
6442
7251
7922
8460
8852
9102
9210
9179
9010
-2517
-1954
-1407
-960
-696
-698
-1049
-1813
-2608
-3335
-3897
-4195
-4132
-3519
-2691
-1658
-431
977
2558
3962
5195
6262
7170
7924
8529
9022
9390
9625
9722
9677
9483
-2660
-2130
-1606
-1176
-932
-963
-1358
-2242
-3156
-3986
-4616
-4931
-4815
-4004
-2955
-1692
-242
1370
3118
4585
5843
6902
7777
8480
9024
9476
9820
10043
10133
10076
9860
-2793
-2317
-1837
-1447
-1245
-1326
-1786
-2762
-3769
-4674
-5345
-5649
-5453
-4485
-3255
-1805
-173
1598
3472
5013
6303
7364
8216
8877
9369
9782
10105
10318
10402
10335
10100
-2955
-2561
-2152
-1829
-1696
-1854
-2408
-3426
-4476
-5408
-6070
-6314
-5989
-4927
-3580
-2004
-254
1616
3553
5181
6520
7597
8439
9073
9527
9902
10205
10410
10489
10414
10160
-3186
-2907
-2602
-2379
-2347
-2617
-3296
-4287
-5310
-6198
-6782
-6896
-6372
-5296
-3915
-2296
-508
1378
3296
5030
6436
7547
8399
9026
9462
9798
10082
10279
10354
10272
10000
-3494
-3461
-3383
-3347
-3442
-3754
-4371
-5185
-6004
-6692
-7107
-7113
-6570
-5485
-4146
-2602
-900
912
2789
4478
5889
7045
7970
8687
9221
9592
9873
10042
10073
9945
9632
-3839
-4047
-4191
-4338
-4553
-4903
-5453
-6062
-6652
-7112
-7333
-7204
-6615
-5562
-4309
-2882
-1307
389
2182
3825
5240
6440
7437
8244
8874
9274
9549
9685
9669
9489
9133
-4190
-4625
-4979
-5295
-5618
-5993
-6464
-6860
-7212
-7437
-7454
-7183
-6541
-5552
-4418
-3142
-1729
-181
1495
3086
4499
5736
6798
7689
8410
8846
9119
9229
9172
8946
8551
-4514
-5156
-5698
-6163
-6574
-6953
-7324
-7518
-7643
-7644
-7469
-7066
-6382
-5482
-4491
-3390
-2162
-789
747
2274
3674
4938
6056
7019
7819
8307
8595
8693
8610
8355
7937
-4778
-5599
-6301
-6887
-7356
-7711
-7953
-7976
-7903
-7710
-7373
-6868
-6171
-5377
-4544
-3634
-2607
-1422
-42
1405
2777
4051
5208
6228
7093
7657
7985
8098
8015
7756
7341
-4951
-5914
-6740
-7410
-7902
-8197
-8275
-8174
-7952
-7614
-7163
-6605
-5944
-5261
-4593
-3880
-3060
-2072
-855
494
1815
3079
4255
5312
6220
6896
7300
7464
7417
7189
6813
-5008
-5913
-6695
-7340
-7829
-8148
-8278
-8115
-7842
-7464
-6985
-6412
-5747
-5223
-4707
-4143
-3474
-2641
-1590
-302
967
2190
3338
4381
5292
5990
6441
6674
6716
6598
6347
-4961
-5782
-6497
-7093
-7556
-7874
-8033
-7856
-7581
-7212
-6756
-6215
-5596
-5196
-4798
-4350
-3797
-3088
-2167
-959
240
1403
2504
3516
4413
5126
5616
5912
6038
6022
5891
-4824
-5543
-6170
-6697
-7114
-7412
-7580
-7428
-7190
-6871
-6475
-6007
-5473
-5169
-4860
-4497
-4032
-3416
-2598
-1484
-371
717
1756
2720
3586
4302
4822
5168
5367
5442
5419
-4614
-5214
-5738
-6181
-6536
-6797
-6958
-6862
-6691
-6450
-6145
-5781
-5362
-5127
-4882
-4581
-4179
-3631
-2891
-1885
-871
128
1091
1995
2818
3521
4052
4433
4687
4837
4905
-4348
-4817
-5225
-5571
-5851
-6064
-6206
-6186
-6103
-5962
-5768
-5527
-5244
-5059
-4858
-4598
-4239
-3738
-3056
-2169
-1265
-365
512
1344
2112
2781
3302
3696
3985
4187
4325
-4041
-4370
-4655
-4896
-5094
-5250
-5365
-5432
-5448
-5417
-5346
-5239
-5103
-4953
-4779
-4544
-4212
-3743
-3103
-2344
-1558
-765
17
770
1475
2082
2567
2948
3244
3473
3655
-3736
-3909
-4055
-4181
-4297
-4413
-4538
-4696
-4820
-4906
-4950
-4947
-4893
-4778
-4626
-4409
-4095
-3655
-3057
-2350
-1641
-944
-275
350
918
1482
1928
2270
2523
2704
2826
-3455
-3480
-3493
-3512
-3554
-3637
-3779
-4001
-4207
-4384
-4516
-4590
-4591
-4513
-4386
-4189
-3896
-3485
-2933
-2276
-1641
-1039
-483
17
449
924
1283
1540
1705
1790
1806
-3182
-3061
-2946
-2860
-2832
-2886
-3049
-3317
-3588
-3838
-4042
-4176
-4216
-4171
-4067
-3886
-3612
-3229
-2719
-2114
-1555
-1049
-605
-232
63
407
639
768
803
751
621
-2900
-2634
-2389
-2199
-2100
-2124
-2308
-2615
-2943
-3258
-3526
-3712
-3782
-3766
-3677
-3506
-3244
-2881
-2407
-1857
-1377
-971
-643
-400
-244
-68
0
-34
-166
-391
-705
-2594
-2178
-1799
-1501
-1326
-1317
-1516
-1863
-2250
-2633
-2966
-3206
-3309
-3309
-3224
-3051
-2790
-2435
-1986
-1498
-1102
-801
-597
-489
-480
-503
-629
-859
-1189
-1619
-2148
-2248
-1673
-1152
-737
-478
-427
-634
-1033
-1490
-1950
-2360
-2666
-2813
-2812
-2715
-2526
-2249
-1888
-1448
-1028
-726
-539
-465
-502
-648
-896
-1244
-1695
-2250
-2911
-3682
