                   00003601.B0l 1
                      g_glb.dat 	   3.77 	   3.23 	   0.38 	   0.08 	   1.38 	   1.00 	   0.00 	   0.38
                      g_dir.dat 	   0.00 	 -18.00 	   6.00
                     g_step.dat 	   1.58 	  35.00 	  12.00 	   1.00 	   0.56 	   6.00 	   0.00 	   5.00
                    max_min.dat	    3.73	    2.71	    2.19	    2.21	    2.50	    2.88	    3.11	    3.13	    3.14	    3.12	    3.10	    3.29	    3.35	    3.08	    2.92	    2.93	    2.95	    2.89	    2.76	    2.63	    2.47	    2.37	    2.32	    2.29	    2.27	    2.23	    2.18	    2.12	    2.04	    1.98	    1.89	    1.82	    1.82	    1.79	    1.78	    1.76	    1.74	    1.73	    1.72	    1.71	    1.70	    1.69	    1.69	    1.69	    1.68	    1.69	    1.69	    1.69	    1.69	    1.69	    1.69	    1.68	    1.68	    1.68	    1.67	    1.66	    1.67	    1.67	    1.60	    1.54	    1.46	    1.38	    1.32	    1.21
                    cor_max.dat 	  0.75 	  0.91 	  0.73 	  0.63 	  0.94 	  0.90 	  0.96 	  0.96  
                     correl.dat	    0.71	    0.64	    0.59	    0.60	    0.62	    0.65	    0.66	    0.68	    0.69	    0.70	    0.71	    0.73	    0.75	    0.77	    0.78	    0.79	    0.80	    0.81	    0.82	    0.83	    0.84	    0.84	    0.84	    0.84	    0.84	    0.85	    0.86	    0.86	    0.87	    0.87	    0.88	    0.88	    0.88	    0.87	    0.87	    0.87	    0.87	    0.87	    0.87	    0.87	    0.87	    0.87	    0.87	    0.87	    0.87	    0.87	    0.87	    0.87	    0.87	    0.87	    0.87	    0.87	    0.87	    0.87	    0.87	    0.87	    0.87	    0.87	    0.87	    0.86	    0.86	    0.85	    0.84	    0.83
               max_minValue.dat	    0.53	    0.47	    0.58	    2.93	    1.82	    1.69	 1337.00	 -358.00	 1243.00	 -459.00	 1200.00	 -549.00	 1224.00	 -555.00	 1308.00	 -524.00	 1422.00	 -493.00	 1546.00	 -497.00	 1642.00	 -525.00	 1688.00	 -538.00	 1688.00	 -541.00	 1699.00	 -548.00	 1792.00	 -544.00	 1984.00	 -592.00	 2180.00	 -707.00	 2381.00	 -816.00	 2544.00	 -869.00	 2719.00	 -922.00	 2932.00	 -1013.00	 3214.00	 -1166.00	 3491.00	 -1328.00	 3827.00	 -1549.00	 4193.00	 -1768.00	 4623.00	 -1994.00	 5146.00	 -2246.00	 5687.00	 -2508.00	 6381.00	 -2857.00	 7088.00	 -3244.00	 7758.00	 -3664.00	 8347.00	 -4087.00	 8760.00	 -4420.00	 9042.00	 -4775.00	 9047.00	 -4980.00	 9047.00	 -4980.00	 8958.00	 -4996.00	 8878.00	 -4991.00	 8705.00	 -4954.00	 8485.00	 -4874.00	 8312.00	 -4801.00	 8013.00	 -4660.00	 7664.00	 -4492.00	 7405.00	 -4357.00	 7000.00	 -4132.00	 6557.00	 -3886.00	 6256.00	 -3708.00	 5792.00	 -3439.00	 5328.00	 -3162.00	 5017.00	 -2974.00	 4558.00	 -2702.00	 4113.00	 -2436.00	 3697.00	 -2193.00	 3430.00	 -2032.00	 3048.00	 -1809.00	 2695.00	 -1607.00	 2478.00	 -1474.00	 2175.00	 -1302.00	 1909.00	 -1149.00	 1741.00	 -1045.00	 1537.00	 -918.00	 1334.00	 -836.00	 1213.00	 -788.00	 1060.00	 -725.00	  926.00	 -669.00	  843.00	 -641.00	  725.00	 -600.00
                    cor_cor.dat 	  0.88 	  0.89 	  0.86 	  0.90 	  0.97 	  0.98 	  0.98 	  0.94  
                  direction.dat	   -0.62	   -0.62	   -0.62	   -0.60	   -0.60	   -0.60	   -0.25	   -0.16	   -0.16	   -0.17	   -0.25	   -0.25	   -0.16	   -0.16	   -0.16	   -0.16	   -0.16	   -0.15	   -0.15	   -0.15	   -0.15	   -0.15	   -0.15	   -0.15	   -0.15	   -0.15	   -0.14	   -0.14	   -0.14	   -0.14	   -0.14	   -0.14	   -0.14	   -0.14	   -0.14	   -0.14	   -0.14	   -0.14	   -0.14	   -0.14	   -0.14	   -0.14	   -0.14	   -0.14	   -0.14	   -0.14	   -0.14	   -0.14	   -0.14	   -0.14	   -0.14	   -0.14	   -0.14	   -0.14	   -0.15	   -0.15	   -0.15	   -0.15	   -0.15	   -0.15	   -0.15	   -0.16	   -0.16	   -0.15
                    cor_dir.dat 	  0.62 	  0.68 	  0.50 	  0.88 	  0.18 	  0.71 	  0.67 	 -0.45  
                 StepPoints.dat 	 0.11 	 0.52 	 0.55 	 0.52 	 0.50 	 0.55 	 0.53 	 0.52 	 0.52 	 0.62 	 0.56 	 0.55 	 0.50 	 0.56 	 0.58 	 0.56 	 0.56
                 PointsComp.dat 	 0.12
                dir_changes.dat	    0.00	    0.00	    0.00	    0.02	    0.00	    0.00	    0.35	    0.09	    0.00	   -0.00	   -0.08	    0.00	    0.09	    0.00	    0.00	    0.00	    0.00	    0.00	    0.00	    0.00	    0.01	    0.00	    0.00	    0.00	    0.00	    0.00	    0.01	    0.00	    0.00	    0.00	    0.00	    0.00	    0.00	    0.00	    0.00	    0.01	    0.00	    0.00	    0.00	    0.00	    0.00	    0.00	    0.00	    0.00	    0.00	    0.00	    0.00	    0.00	    0.00	    0.00	    0.00	    0.00	    0.00	    0.00	   -0.01	    0.00	    0.00	    0.00	   -0.01	    0.00	    0.00	   -0.00	    0.00	    0.01
            cor_dir_changes.dat 	  0.05 	  0.00 	  0.77 	 -0.00 	 -0.10 	  0.00 	  0.00 	 -0.10  
