D:\SOFTMAG\AVERAGED\00004901.000\00004901.r0l 
20 30
64 876
-618
-696
-725
-662
-467
-99
483
1228
2028
2837
3609
4300
4865
5265
5536
5743
5948
6217
6612
7112
7632
8140
8604
8993
9274
9361
9214
8863
8340
7678
6908
-941
-998
-1001
-916
-707
-339
221
914
1657
2418
3165
3865
4487
5033
5470
5849
6224
6647
7170
7675
8174
8640
9048
9370
9581
9649
9499
9160
8657
8016
7263
-1244
-1283
-1265
-1162
-944
-581
-45
588
1269
1978
2695
3400
4074
4752
5341
5879
6410
6974
7612
8126
8609
9037
9393
9653
9799
9848
9700
9374
8893
8275
7542
-1521
-1551
-1520
-1405
-1185
-835
-332
240
857
1511
2195
2901
3624
4416
5136
5814
6481
7166
7900
8436
8914
9318
9634
9846
9939
9970
9823
9512
9052
8459
7747
-1771
-1800
-1766
-1650
-1437
-1109
-649
-139
412
1009
1659
2366
3136
4016
4842
5635
6412
7194
7997
8576
9070
9470
9767
9950
10011
10024
9877
9580
9141
8571
7879
-1991
-2031
-2005
-1901
-1708
-1414
-1009
-560
-74
466
1082
1790
2610
3545
4446
5322
6179
7025
7867
8517
9056
9481
9787
9970
10028
10019
9870
9584
9164
8614
7939
-2177
-2244
-2241
-2163
-2004
-1759
-1424
-1034
-611
-123
461
1172
2043
2996
3936
4857
5756
6629
7473
8230
8851
9336
9688
9909
10000
9966
9810
9531
9125
8592
7930
-2332
-2450
-2495
-2463
-2350
-2150
-1861
-1498
-1096
-626
-58
635
1484
2404
3313
4214
5111
6006
6903
7741
8449
9027
9471
9781
9955
9960
9822
9543
9125
8569
7877
-2464
-2634
-2729
-2746
-2680
-2528
-2286
-1948
-1566
-1112
-560
117
947
1819
2682
3548
4427
5329
6265
7188
7989
8664
9206
9612
9875
9917
9795
9516
9084
8504
7782
-2578
-2803
-2950
-3016
-3000
-2898
-2706
-2399
-2043
-1612
-1082
-427
377
1192
2002
2825
3679
4580
5547
6552
7442
8211
8848
9345
9693
9776
9675
9399
8957
8357
7609
-2677
-2959
-3161
-3281
-3317
-3267
-3128
-2867
-2552
-2158
-1664
-1047
-283
475
1232
2011
2839
3740
4737
5811
6779
7629
8348
8925
9346
9479
9407
9144
8700
8089
7322
-2766
-3108
-3368
-3544
-3636
-3641
-3559
-3366
-3114
-2782
-2347
-1790
-1088
-380
329
1073
1882
2788
3823
4946
5971
6881
7662
8297
8771
8967
8937
8698
8266
7656
6885
-2849
-3254
-3576
-3812
-3963
-4027
-4005
-3912
-3755
-3513
-3169
-2702
-2096
-1422
-744
-22
781
1708
2795
3936
4988
5929
6742
7406
7903
8179
8209
8014
7611
7021
6263
-2926
-3357
-3707
-3983
-4192
-4341
-4437
-4482
-4468
-4367
-4148
-3782
-3239
-2572
-1877
-1126
-291
654
1737
2888
3936
4867
5668
6325
6824
7090
7144
6999
6671
6171
5514
-2993
-3442
-3813
-4121
-4382
-4608
-4815
-5004
-5141
-5187
-5100
-4841
-4369
-3699
-2976
-2184
-1309
-333
756
1894
2916
3814
4580
5208
5688
5947
6029
5941
5691
5286
4734
-3046
-3503
-3887
-4219
-4521
-4817
-5126
-5456
-5742
-5932
-5975
-5820
-5416
-4742
-3990
-3157
-2239
-1233
-134
972
1950
2797
3511
4091
4534
4788
4899
4868
4697
4387
3942
-3078
-3535
-3921
-4267
-4602
-4956
-5358
-5817
-6239
-6561
-6722
-6660
-6311
-5640
-4867
-4001
-3049
-2019
-921
141
1061
1844
2492
3011
3403
3649
3785
3808
3713
3497
3154
-3086
-3530
-3908
-4257
-4613
-5015
-5499
-6066
-6601
-7034
-7290
-7298
-6984
-6333
-5557
-4674
-3705
-2670
-1588
-580
273
981
1554
2002
2335
2566
2721
2791
2766
2635
2390
-3064
-3483
-3841
-4180
-4546
-4983
-5537
-6179
-6797
-7309
-7629
-7676
-7365
-6761
-6007
-5134
-4175
-3160
-2123
-1173
-391
237
730
1102
1370
1575
1739
1846
1880
1825
1666
-3012
-3428
-3787
-4129
-4497
-4933
-5478
-6122
-6745
-7268
-7614
-7705
-7463
-6893
-6181
-5358
-4455
-3501
-2525
-1672
-973
-415
16
338
565
780
959
1088
1152
1135
1023
-2936
-3340
-3691
-4029
-4390
-4816
-5343
-5969
-6575
-7090
-7440
-7555
-7362
-6838
-6183
-5425
-4591
-3711
-2813
-2045
-1419
-922
-539
-257
-61
151
334
472
553
562
484
-2839
-3223
-3559
-3882
-4229
-4636
-5138
-5730
-6304
-6793
-7132
-7254
-7094
-6627
-6038
-5354
-4601
-3805
-2992
-2301
-1740
-1295
-954
-703
-529
-329
-154
-16
71
94
41
-2723
-3080
-3392
-3695
-4020
-4400
-4870
-5416
-5946
-6399
-6715
-6834
-6695
-6290
-5773
-5167
-4499
-3792
-3071
-2451
-1947
-1549
-1242
-1016
-858
-680
-521
-392
-307
-277
-315
-2591
-2913
-3196
-3470
-3766
-4114
-4544
-5037
-5517
-5928
-6215
-6324
-6200
-5858
-5412
-4886
-4303
-3685
-3057
-2502
-2053
-1696
-1421
-1216
-1069
-920
-783
-671
-595
-565
-595
-2446
-2726
-2973
-3213
-3474
-3782
-4166
-4606
-5034
-5401
-5657
-5755
-5645
-5360
-4982
-4531
-4029
-3497
-2956
-2466
-2068
-1751
-1505
-1319
-1182
-1066
-957
-866
-804
-780
-806
-2293
-2501
-2684
-2870
-3091
-3375
-3752
-4161
-4565
-4914
-5157
-5243
-5121
-4890
-4563
-4165
-3719
-3252
-2787
-2334
-1975
-1700
-1496
-1349
-1249
-1171
-1089
-1015
-963
-944
-971
-2136
-2268
-2383
-2513
-2689
-2945
-3311
-3706
-4104
-4453
-4701
-4792
-4676
-4476
-4178
-3809
-3397
-2972
-2562
-2150
-1838
-1611
-1455
-1356
-1298
-1255
-1197
-1139
-1094
-1078
-1104
-1974
-2025
-2067
-2135
-2263
-2486
-2838
-3230
-3635
-3998
-4262
-4372
-4274
-4088
-3800
-3442
-3047
-2646
-2271
-1907
-1645
-1471
-1368
-1319
-1309
-1300
-1266
-1222
-1185
-1171
-1196
-1802
-1767
-1732
-1733
-1808
-1993
-2324
-2724
-3144
-3527
-3816
-3953
-3881
-3695
-3404
-3044
-2651
-2261
-1909
-1593
-1385
-1265
-1217
-1222
-1262
-1289
-1279
-1251
-1223
-1212
-1236
-1620
-1493
-1374
-1303
-1319
-1460
-1765
-2174
-2613
-3020
-3337
-3504
-3462
-3267
-2965
-2594
-2194
-1806
-1467
-1201
-1046
-981
-988
-1046
-1137
-1202
-1220
-1211
-1194
-1189
-1216
-1424
-1199
-990
-840
-790
-881
-1155
-1572
-2027
-2457
-2800
-2996
-2983
-2774
-2455
-2069
-1659
-1268
-940
-721
-616
-605
-665
-774
-913
-1021
-1072
-1087
-1087
-1094
-1129
