                   00004901.B0l 1
                      g_glb.dat 	   3.14 	   1.64 	   0.29 	   1.21 	   5.93 	   2.50 	   1.86 	   1.57
                      g_dir.dat 	   0.00 	 -13.00 	  11.00
                     g_step.dat 	   1.53 	  23.00 	   4.00 	  16.00 	   3.00 	  28.00 	  31.00 	  33.00
                    max_min.dat	    0.29	    0.35	    0.50	    0.56	    0.60	    0.68	    0.77	    0.89	    1.11	    1.36	    1.48	    1.57	    1.81	    1.90	    1.98	    1.88	    1.65	    1.60	    1.59	    1.52	    1.45	    1.38	    1.34	    1.35	    1.36	    1.35	    1.32	    1.21	    1.15	    1.13	    1.10	    1.05	    1.05	    1.03	    1.01	    1.00	    0.99	    0.99	    1.00	    1.01	    1.03	    1.05	    1.06	    1.08	    1.09	    1.09	    1.10	    1.11	    1.10	    1.10	    1.10	    1.10	    1.12	    1.15	    1.17	    1.21	    1.25	    1.28	    1.36	    1.41	    1.44	    1.44	    1.42	    1.36
                    cor_max.dat 	  0.58 	  0.38 	  0.67 	  0.88 	  0.87 	  0.84 	  0.84 	  0.91  
                     correl.dat	    0.16	    0.54	    0.58	    0.58	    0.59	    0.62	    0.66	    0.68	    0.70	    0.68	    0.64	    0.63	    0.62	    0.62	    0.63	    0.66	    0.70	    0.72	    0.75	    0.78	    0.79	    0.80	    0.81	    0.82	    0.84	    0.86	    0.88	    0.90	    0.91	    0.91	    0.92	    0.93	    0.93	    0.93	    0.93	    0.93	    0.93	    0.93	    0.92	    0.92	    0.92	    0.92	    0.91	    0.91	    0.90	    0.90	    0.89	    0.88	    0.88	    0.87	    0.87	    0.86	    0.86	    0.85	    0.85	    0.85	    0.85	    0.85	    0.84	    0.84	    0.84	    0.84	    0.84	    0.84
               max_minValue.dat	    0.57	    0.67	    0.50	    1.88	    1.05	    1.11	   99.00	 -340.00	  124.00	 -350.00	  178.00	 -354.00	  225.00	 -405.00	  276.00	 -460.00	  333.00	 -491.00	  372.00	 -483.00	  400.00	 -448.00	  418.00	 -378.00	  437.00	 -322.00	  460.00	 -311.00	  479.00	 -306.00	  503.00	 -278.00	  537.00	 -283.00	  572.00	 -289.00	  591.00	 -315.00	  614.00	 -371.00	  659.00	 -411.00	  704.00	 -442.00	  737.00	 -484.00	  767.00	 -529.00	  796.00	 -577.00	  831.00	 -618.00	  889.00	 -657.00	  978.00	 -720.00	 1048.00	 -777.00	 1098.00	 -830.00	 1136.00	 -935.00	 1190.00	 -1031.00	 1244.00	 -1100.00	 1278.00	 -1157.00	 1265.00	 -1205.00	 1265.00	 -1205.00	 1251.00	 -1215.00	 1240.00	 -1227.00	 1220.00	 -1225.00	 1204.00	 -1218.00	 1190.00	 -1199.00	 1170.00	 -1174.00	 1149.00	 -1137.00	 1135.00	 -1106.00	 1106.00	 -1057.00	 1088.00	 -1026.00	 1056.00	 -977.00	 1017.00	 -933.00	  991.00	 -908.00	  950.00	 -864.00	  905.00	 -819.00	  871.00	 -795.00	  825.00	 -751.00	  779.00	 -709.00	  748.00	 -679.00	  706.00	 -631.00	  669.00	 -582.00	  644.00	 -552.00	  611.00	 -503.00	  588.00	 -472.00	  552.00	 -431.00	  516.00	 -380.00	  492.00	 -350.00	  452.00	 -313.00	  421.00	 -292.00	  401.00	 -282.00	  372.00	 -274.00
                    cor_cor.dat 	  0.85 	  0.79 	  0.84 	  0.89 	  0.98 	  0.99 	  0.99 	  0.94  
                  direction.dat	   -0.71	   -0.32	   -0.33	   -0.35	   -0.34	   -0.31	   -0.30	   -0.30	   -0.28	   -0.29	   -0.27	   -0.25	   -0.25	   -0.25	   -0.25	   -0.25	   -0.25	   -0.25	   -0.25	   -0.23	   -0.23	   -0.23	   -0.19	   -0.19	   -0.18	   -0.18	   -0.15	   -0.13	   -0.12	   -0.12	   -0.12	   -0.08	   -0.08	   -0.08	   -0.07	   -0.07	   -0.05	   -0.05	   -0.05	   -0.05	   -0.05	   -0.05	   -0.05	   -0.04	   -0.04	   -0.04	   -0.04	   -0.03	   -0.03	   -0.03	   -0.03	   -0.02	   -0.01	   -0.01	   -0.01	   -0.01	   -0.01	   -0.01	   -0.02	   -0.02	   -0.01	    0.04	    0.04	    0.05
                    cor_dir.dat 	  0.75 	  0.80 	  0.68 	  0.71 	  0.43 	  0.92 	  0.75 	  0.30  
                 StepPoints.dat 	 0.28 	 0.53 	 0.53 	 0.53 	 0.53 	 0.66 	 0.53 	 0.52 	 0.58 	 0.48 	 0.58 	 0.53 	 0.50 	 0.55 	 0.53 	 0.58 	 0.50
                 PointsComp.dat 	 0.20
                dir_changes.dat	    0.00	    0.39	   -0.02	   -0.02	    0.01	    0.03	    0.01	    0.00	    0.01	   -0.00	    0.02	    0.02	    0.00	    0.00	    0.00	    0.00	    0.00	    0.00	    0.00	    0.02	   -0.00	    0.00	    0.04	    0.00	    0.02	   -0.00	    0.03	    0.02	    0.02	    0.00	    0.00	    0.04	    0.00	    0.00	    0.01	    0.00	    0.01	    0.00	    0.00	    0.00	    0.00	    0.00	    0.01	    0.00	    0.00	    0.00	    0.00	    0.01	    0.00	    0.00	    0.00	    0.01	    0.01	    0.00	    0.00	    0.00	    0.00	    0.00	   -0.01	    0.00	    0.01	    0.05	    0.00	    0.01
            cor_dir_changes.dat 	  0.85 	  0.86 	 -0.30 	 -0.00 	  0.33 	  0.00 	  0.68 	  0.33  
