C:\mcg1204\averaged\00003502.000\00003502.r0l 
20 30
64 849
-226
140
488
857
1286
1814
2481
3236
3978
4663
5247
5689
5945
5988
5853
5591
5251
4884
4538
4212
3855
3442
2948
2348
1618
689
-469
-1833
-3379
-5080
-6913
-970
-645
-333
-5
369
817
1370
1962
2536
3069
3535
3913
4176
4301
4287
4161
3955
3696
3416
3119
2762
2332
1813
1190
449
-457
-1541
-2787
-4181
-5708
-7353
-1641
-1353
-1073
-782
-459
-87
354
795
1214
1607
1968
2293
2577
2776
2872
2876
2795
2638
2415
2145
1787
1337
791
144
-607
-1500
-2517
-3652
-4902
-6262
-7727
-2237
-1990
-1745
-1493
-1225
-931
-603
-308
-38
220
481
759
1069
1341
1547
1678
1721
1665
1499
1253
891
420
-154
-828
-1594
-2474
-3425
-4450
-5557
-6751
-8038
-2760
-2562
-2361
-2158
-1953
-1747
-1541
-1393
-1273
-1150
-989
-758
-424
-74
248
512
685
735
631
406
38
-457
-1064
-1767
-2551
-3414
-4292
-5204
-6163
-7186
-8289
-3209
-3076
-2934
-2795
-2669
-2566
-2497
-2503
-2541
-2560
-2507
-2331
-1980
-1539
-1088
-678
-363
-194
-224
-431
-809
-1334
-1977
-2714
-3518
-4352
-5149
-5934
-6734
-7575
-8483
-3585
-3538
-3477
-3423
-3396
-3418
-3509
-3682
-3892
-4068
-4138
-4031
-3676
-3125
-2526
-1951
-1474
-1167
-1104
-1297
-1691
-2248
-2933
-3708
-4538
-5325
-6021
-6662
-7285
-7927
-8623
-3902
-3981
-4036
-4093
-4181
-4325
-4553
-4909
-5301
-5642
-5846
-5825
-5494
-4801
-4031
-3277
-2630
-2182
-2026
-2215
-2629
-3220
-3944
-4754
-5603
-6330
-6912
-7396
-7828
-8254
-8721
-4163
-4367
-4537
-4705
-4906
-5173
-5537
-6074
-6647
-7152
-7489
-7554
-7245
-6415
-5479
-4549
-3737
-3153
-2909
-3092
-3523
-4146
-4907
-5750
-6618
-7284
-7753
-8081
-8323
-8535
-8773
-4350
-4669
-4944
-5214
-5518
-5897
-6388
-7087
-7822
-8473
-8924
-9056
-8751
-7798
-6711
-5620
-4657
-3952
-3635
-3812
-4262
-4919
-5717
-6593
-7480
-8100
-8470
-8656
-8722
-8734
-8757
-4445
-4860
-5221
-5573
-5963
-6435
-7034
-7859
-8719
-9480
-10008
-10170
-9831
-8781
-7568
-6342
-5254
-4452
-4088
-4263
-4734
-5428
-6268
-7181
-8090
-8691
-8988
-9058
-8975
-8813
-8649
-4428
-4911
-5331
-5739
-6187
-6725
-7405
-8300
-9231
-10046
-10596
-10733
-10307
-9196
-7892
-6567
-5389
-4527
-4151
-4329
-4829
-5566
-6454
-7410
-8348
-8969
-9233
-9227
-9033
-8738
-8425
-4281
-4797
-5240
-5667
-6135
-6703
-7428
-8321
-9249
-10046
-10546
-10586
-10000
-8872
-7525
-6146
-4924
-4047
-3706
-3898
-4435
-5224
-6169
-7177
-8154
-8846
-9130
-9100
-8849
-8471
-8063
-4041
-4598
-5080
-5532
-6001
-6532
-7172
-7916
-8689
-9339
-9718
-9677
-9066
-7898
-6544
-5183
-3992
-3149
-2834
-3117
-3723
-4563
-5546
-6585
-7590
-8261
-8542
-8522
-8290
-7935
-7547
-3761
-4340
-4842
-5300
-5750
-6226
-6763
-7336
-7930
-8411
-8647
-8502
-7844
-6652
-5309
-3982
-2839
-2047
-1774
-2151
-2827
-3719
-4742
-5814
-6849
-7511
-7801
-7803
-7602
-7282
-6925
-3443
-4027
-4532
-4979
-5393
-5797
-6214
-6606
-7013
-7316
-7398
-7141
-6427
-5233
-3921
-2650
-1576
-856
-648
-1110
-1848
-2785
-3840
-4936
-5994
-6659
-6972
-7010
-6854
-6581
-6269
-3089
-3663
-4155
-4577
-4940
-5257
-5538
-5753
-5976
-6105
-6039
-5673
-4906
-3736
-2483
-1293
-315
306
423
-106
-889
-1852
-2922
-4025
-5088
-5771
-6121
-6210
-6113
-5902
-5651
-2701
-3252
-3718
-4101
-4400
-4615
-4748
-4802
-4859
-4832
-4632
-4175
-3374
-2258
-1095
-18
833
1325
1320
750
-50
-1013
-2070
-3152
-4193
-4911
-5313
-5470
-5447
-5315
-5140
-2284
-2799
-3227
-3559
-3781
-3884
-3857
-3781
-3702
-3547
-3246
-2727
-1921
-896
141
1068
1757
2083
1921
1347
566
-359
-1366
-2391
-3373
-4142
-4615
-4856
-4927
-4890
-4810
-1867
-2274
-2606
-2852
-3003
-3051
-2984
-2830
-2675
-2453
-2101
-1554
-745
98
956
1711
2248
2451
2202
1658
926
64
-868
-1815
-2717
-3526
-4059
-4372
-4525
-4575
-4580
-1483
-1798
-2047
-2224
-2321
-2328
-2239
-2048
-1860
-1615
-1255
-721
45
736
1441
2053
2465
2571
2265
1754
1075
282
-572
-1435
-2253
-3063
-3614
-3960
-4155
-4251
-4302
-1130
-1367
-1550
-1672
-1728
-1711
-1613
-1423
-1238
-1006
-674
-190
498
1067
1648
2146
2464
2503
2168
1690
1065
339
-436
-1216
-1950
-2719
-3249
-3587
-3783
-3884
-3941
-806
-979
-1109
-1192
-1221
-1193
-1101
-941
-790
-600
-326
77
659
1137
1628
2044
2299
2304
1972
1523
946
283
-420
-1122
-1777
-2464
-2930
-3219
-3374
-3440
-3459
-510
-633
-724
-779
-795
-769
-697
-590
-495
-371
-178
122
573
995
1430
1799
2026
2031
1738
1308
768
158
-482
-1115
-1702
-2264
-2625
-2822
-2895
-2882
-2823
-242
-326
-389
-429
-445
-433
-393
-356
-334
-292
-197
-15
287
690
1106
1466
1701
1744
1527
1100
583
12
-580
-1160
-1694
-2089
-2300
-2363
-2310
-2176
-1996
3
-46
-71
-85
-99
-124
-172
-295
-445
-558
-576
-436
-77
372
888
1365
1696
1776
1499
1106
588
0
-608
-1181
-1668
-2108
-2249
-2144
-1846
-1408
-882
226
203
206
210
189
119
-25
-300
-611
-871
-990
-882
-458
84
747
1387
1861
2025
1735
1342
790
149
-507
-1109
-1584
-2022
-2047
-1728
-1139
-351
563
427
420
442
454
416
291
39
-383
-853
-1255
-1474
-1395
-902
-222
632
1481
2142
2433
2175
1753
1136
414
-321
-980
-1472
-1864
-1727
-1150
-225
957
2308
603
602
632
642
577
386
16
-557
-1189
-1737
-2059
-2012
-1455
-595
492
1591
2481
2943
2759
2282
1576
749
-89
-830
-1363
-1666
-1322
-443
861
2484
4314
753
747
774
770
666
399
-99
-835
-1639
-2344
-2778
-2774
-2163
-1084
277
1666
2824
3496
3425
2875
2060
1107
145
-696
-1291
-1459
-866
359
2088
4194
6547
877
852
865
834
680
323
-317
-1230
-2224
-3101
-3665
-3721
-3071
-1736
-63
1651
3115
4034
4114
3475
2536
1443
344
-614
-1285
-1275
-390
1224
3420
6051
8971
