                   00003502.B0l 1
                      g_glb.dat 	  15.64 	   3.14 	   4.64 	   7.29 	   1.71 	   0.57 	   0.93 	   0.21
                      g_dir.dat 	  67.00 	 -22.00 	  44.00
                     g_step.dat 	   5.47 	  43.00 	  63.00 	 110.00 	   1.30 	   5.00 	  15.00 	   3.00
                    max_min.dat	    1.49	    1.25	    1.33	    1.35	    1.37	    1.43	    1.56	    1.75	    1.68	    1.66	    1.71	    1.79	    1.83	    1.91	    1.83	    1.94	    1.82	    1.67	    1.63	    1.63	    1.63	    1.61	    1.55	    1.42	    1.42	    1.41	    1.34	    1.22	    1.10	    1.03	    0.95	    0.89	    0.89	    0.88	    0.87	    0.85	    0.85	    0.84	    0.83	    0.81	    0.79	    0.75	    0.72	    0.68	    0.64	    0.62	    0.59	    0.59	    0.58	    0.58	    0.60	    0.61	    0.61	    0.63	    0.67	    0.71	    0.73	    0.77	    0.80	    0.84	    0.87	    0.91	    0.91	    0.90
                    cor_max.dat 	  0.82 	  0.74 	  0.98 	  0.87 	  0.71 	  0.76 	  0.63 	  0.74  
                     correl.dat	    0.22	    0.34	    0.33	    0.32	    0.31	    0.30	    0.30	    0.31	    0.32	    0.33	    0.34	    0.35	    0.36	    0.37	    0.37	    0.35	    0.36	    0.39	    0.42	    0.44	    0.45	    0.47	    0.50	    0.53	    0.55	    0.56	    0.57	    0.58	    0.59	    0.60	    0.62	    0.62	    0.62	    0.62	    0.62	    0.61	    0.61	    0.61	    0.61	    0.61	    0.61	    0.61	    0.62	    0.62	    0.62	    0.63	    0.62	    0.61	    0.59	    0.58	    0.55	    0.53	    0.49	    0.46	    0.45	    0.44	    0.43	    0.44	    0.44	    0.44	    0.44	    0.43	    0.42	    0.40
               max_minValue.dat	   -0.14	    0.51	   -0.74	    1.94	   -0.89	   -0.59	  925.00	 -621.00	 1123.00	 -897.00	 1451.00	 -1091.00	 1593.00	 -1178.00	 1750.00	 -1274.00	 1875.00	 -1309.00	 1976.00	 -1267.00	 2073.00	 -1186.00	 2175.00	 -1291.00	 2300.00	 -1388.00	 2421.00	 -1418.00	 2492.00	 -1396.00	 2506.00	 -1369.00	 2505.00	 -1313.00	 2532.00	 -1385.00	 2596.00	 -1340.00	 2654.00	 -1460.00	 2706.00	 -1618.00	 2711.00	 -1667.00	 2692.00	 -1655.00	 2707.00	 -1661.00	 2772.00	 -1720.00	 2867.00	 -1848.00	 2927.00	 -2058.00	 3151.00	 -2218.00	 3278.00	 -2329.00	 3203.00	 -2389.00	 3045.00	 -2495.00	 2989.00	 -2705.00	 2963.00	 -2887.00	 2977.00	 -3132.00	 2959.00	 -3321.00	 2959.00	 -3321.00	 2962.00	 -3369.00	 2937.00	 -3392.00	 2910.00	 -3404.00	 2889.00	 -3390.00	 2841.00	 -3389.00	 2799.00	 -3384.00	 2731.00	 -3392.00	 2677.00	 -3403.00	 2570.00	 -3442.00	 2491.00	 -3452.00	 2345.00	 -3461.00	 2199.00	 -3425.00	 2091.00	 -3369.00	 1914.00	 -3217.00	 1801.00	 -3077.00	 1630.00	 -2825.00	 1526.00	 -2615.00	 1373.00	 -2290.00	 1274.00	 -2074.00	 1153.00	 -1878.00	 1104.00	 -1746.00	 1100.00	 -1641.00	 1056.00	 -1489.00	 1017.00	 -1395.00	  962.00	 -1245.00	  923.00	 -1152.00	  861.00	 -1022.00	  821.00	 -940.00	  749.00	 -819.00	  691.00	 -759.00	  593.00	 -661.00
                    cor_cor.dat 	  0.62 	  0.64 	  0.61 	  0.61 	  0.80 	  0.82 	  0.81 	  0.75  
                  direction.dat	    0.57	   -0.25	   -0.12	   -0.13	   -0.13	   -0.11	   -0.11	   -0.14	   -0.10	   -0.10	   -0.10	   -0.10	   -0.12	   -0.12	    0.38	   -0.13	   -0.14	   -0.14	   -0.14	   -0.13	   -0.12	    0.31	    0.31	    0.33	    0.35	    0.35	    0.33	    0.32	    0.32	    0.32	    0.34	    0.33	    0.33	    0.33	    0.33	    0.33	    0.33	    0.34	    0.34	    0.35	    0.35	    0.35	    0.35	    0.35	    0.35	    0.35	    0.35	    0.35	    0.35	    0.35	    0.35	    0.35	    0.10	   -0.50	   -0.50	   -0.50	   -0.50	   -0.50	   -0.50	   -0.50	   -0.50	   -0.50	   -0.50	   -0.50
                    cor_dir.dat 	 -0.37 	 -0.69 	  0.91 	  0.87 	 -0.43 	 -0.45 	 -0.42 	 -0.42  
                 StepPoints.dat 	 0.33 	 0.48 	 0.58 	 0.45 	 0.47 	 0.67 	 0.61 	 0.48 	 0.45 	 0.42 	 0.42 	 0.50 	 0.42 	 0.39 	 0.56 	 0.42 	 0.45
                 PointsComp.dat 	 0.26
                dir_changes.dat	    0.00	   -0.82	    0.13	   -0.01	    0.00	    0.02	    0.00	   -0.03	    0.05	    0.00	   -0.01	    0.00	   -0.02	    0.00	    0.50	   -0.51	   -0.01	    0.00	    0.00	    0.02	    0.01	    0.43	    0.00	    0.02	    0.02	    0.00	   -0.02	   -0.00	   -0.00	    0.00	    0.02	   -0.00	    0.00	    0.00	   -0.00	    0.00	    0.00	    0.01	    0.00	    0.00	    0.00	    0.00	    0.00	    0.00	    0.00	    0.01	    0.00	    0.00	    0.00	    0.00	    0.00	    0.00	   -0.25	   -0.60	    0.00	    0.00	    0.00	    0.00	    0.00	    0.00	    0.00	    0.00	    0.00	    0.00
            cor_dir_changes.dat 	 -0.59 	 -0.59 	 -0.40 	  0.00 	 -0.06 	  0.00 	 -0.19 	  0.00  
