D:\Арсен 20-06-11\Новая папка (2)\CRYOTON\AVERAGED\00002802.000\00002802.R0l 
20 30
64 728
-148
-188
-174
-74
145
516
1074
1740
2422
3125
3855
4617
5417
6225
6971
7597
8042
8250
8160
7864
7514
7139
6769
6433
6160
6028
6078
6279
6602
7017
7497
-656
-630
-548
-377
-81
374
1025
1766
2527
3308
4109
4931
5777
6632
7414
8074
8564
8835
8840
8613
8334
8027
7716
7425
7178
7009
6982
7071
7253
7504
7798
-1095
-1012
-874
-642
-280
248
982
1781
2603
3443
4298
5164
6037
6934
7746
8436
8965
9295
9390
9227
9014
8769
8512
8261
8035
7850
7765
7763
7825
7930
8061
-1466
-1344
-1164
-888
-477
108
909
1755
2628
3518
4417
5316
6208
7134
7964
8671
9227
9604
9775
9678
9532
9352
9150
8941
8738
8553
8430
8353
8311
8289
8274
-1773
-1633
-1434
-1137
-698
-77
768
1660
2582
3519
4460
5391
6299
7235
8063
8767
9330
9734
9963
9940
9870
9763
9625
9466
9295
9125
8976
8840
8709
8573
8425
-2018
-1888
-1698
-1406
-968
-339
523
1467
2443
3434
4423
5391
6322
7240
8039
8714
9256
9660
9919
9986
10008
9988
9930
9837
9713
9568
9405
9221
9012
8774
8505
-2205
-2117
-1969
-1716
-1312
-709
137
1146
2190
3249
4299
5318
6285
7151
7887
8497
8986
9355
9611
9789
9924
10015
10059
10055
10000
9889
9720
9495
9216
8884
8502
-2354
-2352
-2286
-2104
-1756
-1192
-361
730
1867
3019
4154
5238
6240
7017
7654
8167
8573
8890
9132
9391
9631
9843
10018
10149
10228
10111
9907
9627
9277
8866
8403
-2463
-2558
-2582
-2481
-2200
-1684
-877
295
1525
2770
3989
5138
6175
6855
7383
7792
8108
8362
8584
8925
9270
9604
9913
10181
10394
10269
10030
9692
9270
8778
8232
-2500
-2695
-2815
-2800
-2591
-2128
-1351
-121
1175
2488
3765
4953
6001
6584
7008
7313
7542
7736
7939
8350
8789
9233
9663
10056
10392
10282
10030
9658
9187
8638
8032
-2431
-2727
-2943
-3015
-2878
-2468
-1721
-486
827
2158
3443
4620
5628
6128
6459
6673
6827
6974
7170
7626
8133
8662
9187
9680
10113
10067
9851
9494
9023
8465
7848
-2221
-2615
-2924
-3077
-3008
-2647
-1927
-761
494
1766
2984
4075
4967
5408
5667
5814
5915
6038
6251
6713
7248
7824
8405
8958
9450
9541
9436
9167
8770
8277
7723
-1840
-2322
-2713
-2941
-2931
-2611
-1908
-911
185
1299
2349
3254
3931
4344
4566
4678
4760
4892
5154
5569
6081
6651
7236
7798
8297
8624
8728
8647
8422
8094
7702
-1336
-1751
-2092
-2306
-2342
-2149
-1676
-974
-194
608
1382
2072
2625
2996
3243
3416
3564
3737
3984
4365
4813
5302
5809
6308
6775
7195
7485
7669
7770
7815
7828
-796
-1131
-1406
-1592
-1659
-1579
-1320
-942
-508
-44
423
870
1271
1618
1909
2162
2397
2630
2882
3201
3557
3939
4339
4748
5155
5697
6201
6676
7132
7578
8023
-239
-484
-685
-835
-925
-949
-897
-849
-768
-650
-495
-297
-56
278
624
969
1300
1606
1873
2117
2368
2630
2911
3216
3551
4199
4903
5656
6451
7283
8145
315
162
38
-72
-183
-308
-461
-728
-983
-1198
-1339
-1376
-1278
-953
-550
-112
317
696
980
1152
1300
1444
1607
1811
2076
2774
3619
4592
5670
6831
8054
850
786
734
658
523
292
-68
-611
-1167
-1674
-2075
-2309
-2317
-2010
-1557
-1032
-510
-64
230
346
407
450
513
631
843
1490
2379
3472
4732
6122
7606
1348
1362
1372
1322
1152
807
228
-533
-1328
-2070
-2670
-3042
-3097
-2822
-2335
-1739
-1140
-644
-354
-262
-256
-282
-289
-224
-34
420
1209
2280
3581
5059
6662
1772
1727
1681
1581
1371
996
401
-469
-1369
-2215
-2920
-3402
-3574
-3290
-2807
-2218
-1617
-1100
-760
-653
-636
-664
-688
-663
-539
-111
602
1555
2701
3991
5380
2108
2002
1901
1750
1499
1094
482
-437
-1383
-2272
-3023
-3554
-3784
-3509
-3047
-2481
-1896
-1375
-1003
-861
-816
-826
-850
-845
-769
-420
166
950
1889
2940
4062
2365
2201
2046
1848
1557
1124
499
-422
-1364
-2248
-2995
-3528
-3766
-3512
-3084
-2554
-1997
-1486
-1095
-906
-821
-803
-814
-819
-780
-541
-111
472
1173
1955
2780
2552
2336
2132
1891
1567
1112
477
-406
-1306
-2147
-2854
-3349
-3559
-3334
-2948
-2463
-1942
-1449
-1047
-808
-680
-629
-625
-635
-630
-509
-245
128
582
1085
1603
2678
2418
2174
1900
1551
1081
447
-373
-1205
-1976
-2615
-3047
-3201
-3009
-2669
-2233
-1753
-1281
-871
-587
-418
-339
-322
-342
-373
-359
-250
-73
145
379
604
2754
2461
2188
1892
1529
1057
434
-306
-1054
-1741
-2295
-2648
-2731
-2572
-2278
-1889
-1449
-999
-582
-262
-64
33
50
10
-68
-127
-140
-128
-111
-110
-148
2802
2524
2261
1972
1612
1140
512
-156
-840
-1465
-1958
-2245
-2252
-2068
-1743
-1336
-905
-510
-210
58
203
254
239
190
135
-147
-317
-404
-438
-448
-463
2837
2597
2368
2109
1776
1327
718
93
-554
-1147
-1607
-1856
-1816
-1589
-1216
-771
-332
26
227
404
455
419
332
233
161
-226
-435
-504
-470
-373
-248
2849
2666
2493
2285
2000
1594
1025
426
-203
-781
-1225
-1453
-1384
-1101
-665
-170
291
627
743
795
720
562
370
189
66
-329
-481
-434
-237
65
425
2828
2721
2620
2481
2261
1916
1405
825
208
-360
-795
-1009
-917
-569
-62
493
987
1309
1348
1251
1022
719
395
106
-92
-421
-439
-202
234
817
1489
2765
2749
2734
2679
2538
2270
1830
1275
674
118
-302
-497
-377
41
624
1245
1775
2088
2056
1790
1391
923
449
34
-259
-466
-297
184
916
1833
2872
2651
2736
2821
2860
2810
2629
2274
1758
1190
663
271
110
274
764
1424
2110
2678
2982
2880
2433
1852
1209
574
21
-377
-429
-39
720
1779
3063
4502
