                   00002802.B0l 1
                      g_glb.dat 	   2.64 	   1.50 	   0.50 	   0.64 	   3.50 	   2.36 	   0.00 	   1.14
                      g_dir.dat 	   0.00 	  -1.00 	   1.00
                     g_step.dat 	   1.23 	  20.00 	   8.00 	   9.00 	   1.76 	  31.00 	   0.00 	  18.00
                    max_min.dat	    1.62	    1.63	    2.04	    2.48	    2.95	    2.89	    2.26	    1.75	    1.43	    1.31	    1.30	    1.41	    1.63	    1.86	    2.02	    2.02	    1.91	    1.85	    1.87	    1.93	    1.99	    2.02	    2.00	    1.94	    1.85	    1.76	    1.66	    1.60	    1.55	    1.49	    1.41	    1.34	    1.34	    1.32	    1.31	    1.30	    1.28	    1.27	    1.27	    1.26	    1.26	    1.26	    1.27	    1.27	    1.28	    1.30	    1.30	    1.32	    1.35	    1.38	    1.41	    1.45	    1.51	    1.54	    1.62	    1.70	    1.77	    1.89	    2.06	    2.19	    2.45	    2.77	    2.90	    3.23
                    cor_max.dat 	  0.76 	  0.79 	  0.70 	  0.84 	  0.85 	  0.95 	  0.94 	  0.76  
                     correl.dat	    0.55	    0.62	    0.61	    0.60	    0.60	    0.63	    0.66	    0.68	    0.67	    0.66	    0.67	    0.69	    0.71	    0.72	    0.75	    0.77	    0.81	    0.82	    0.82	    0.82	    0.82	    0.83	    0.86	    0.89	    0.91	    0.92	    0.91	    0.91	    0.91	    0.91	    0.91	    0.91	    0.91	    0.91	    0.91	    0.90	    0.90	    0.90	    0.90	    0.89	    0.89	    0.89	    0.88	    0.88	    0.88	    0.88	    0.87	    0.87	    0.87	    0.87	    0.87	    0.87	    0.87	    0.87	    0.86	    0.85	    0.85	    0.83	    0.82	    0.81	    0.80	    0.78	    0.76	    0.74
               max_minValue.dat	    0.68	    0.59	    0.74	    2.02	    1.34	    1.32	  538.00	 -333.00	  629.00	 -385.00	  764.00	 -375.00	  839.00	 -338.00	  866.00	 -294.00	  854.00	 -296.00	  821.00	 -364.00	  827.00	 -473.00	  871.00	 -607.00	  919.00	 -699.00	  988.00	 -762.00	 1057.00	 -749.00	 1137.00	 -699.00	 1230.00	 -662.00	 1382.00	 -684.00	 1555.00	 -770.00	 1747.00	 -913.00	 1912.00	 -1031.00	 2078.00	 -1110.00	 2209.00	 -1147.00	 2374.00	 -1194.00	 2537.00	 -1254.00	 2750.00	 -1373.00	 2906.00	 -1498.00	 3044.00	 -1647.00	 3105.00	 -1761.00	 3129.00	 -1886.00	 3174.00	 -1989.00	 3286.00	 -2117.00	 3363.00	 -2258.00	 3391.00	 -2408.00	 3346.00	 -2500.00	 3346.00	 -2500.00	 3312.00	 -2512.00	 3292.00	 -2504.00	 3244.00	 -2505.00	 3195.00	 -2490.00	 3161.00	 -2480.00	 3097.00	 -2441.00	 3025.00	 -2393.00	 2985.00	 -2365.00	 2909.00	 -2302.00	 2815.00	 -2224.00	 2772.00	 -2183.00	 2674.00	 -2091.00	 2575.00	 -1986.00	 2521.00	 -1933.00	 2413.00	 -1822.00	 2300.00	 -1707.00	 2184.00	 -1583.00	 2128.00	 -1512.00	 2005.00	 -1383.00	 1882.00	 -1250.00	 1825.00	 -1188.00	 1706.00	 -1052.00	 1579.00	 -930.00	 1524.00	 -860.00	 1400.00	 -741.00	 1288.00	 -624.00	 1236.00	 -565.00	 1123.00	 -458.00	 1024.00	 -370.00	  977.00	 -337.00	  875.00	 -271.00
                    cor_cor.dat 	  0.88 	  0.90 	  0.85 	  0.89 	  0.98 	  0.99 	  0.98 	  0.96  
                  direction.dat	   -0.31	   -0.11	   -0.12	   -0.16	   -0.18	   -0.12	   -0.09	   -0.09	   -0.11	   -0.11	   -0.11	   -0.11	   -0.11	   -0.11	   -0.11	   -0.09	   -0.08	   -0.06	   -0.06	   -0.06	   -0.06	   -0.06	   -0.05	   -0.01	   -0.01	    0.01	    0.01	    0.01	    0.03	    0.04	    0.04	    0.07	    0.07	    0.07	    0.07	    0.07	    0.07	    0.08	    0.08	    0.08	    0.08	    0.08	    0.06	    0.06	    0.06	    0.06	    0.06	    0.06	    0.06	    0.05	    0.05	    0.05	    0.04	    0.04	    0.04	    0.04	    0.04	    0.04	    0.04	    0.04	    0.05	    0.02	    0.06	    0.06
                    cor_dir.dat 	  0.83 	  0.80 	  0.93 	  0.83 	 -0.23 	 -0.95 	 -0.94 	  0.31  
                 StepPoints.dat 	 0.20 	 0.50 	 0.61 	 0.64 	 0.50 	 0.48 	 0.56 	 0.52 	 0.48 	 0.61 	 0.50 	 0.56 	 0.55 	 0.56 	 0.56 	 0.48 	 0.55
                 PointsComp.dat 	 0.16
                dir_changes.dat	    0.00	    0.20	   -0.01	   -0.04	   -0.02	    0.06	    0.03	    0.00	   -0.02	    0.00	    0.00	    0.00	    0.00	    0.00	    0.00	    0.02	    0.01	    0.02	    0.00	    0.00	    0.00	    0.00	    0.02	    0.03	    0.00	    0.03	    0.00	    0.00	    0.01	    0.01	    0.00	    0.03	    0.00	    0.00	    0.00	    0.00	    0.00	    0.01	    0.00	    0.00	    0.00	    0.00	   -0.02	    0.00	    0.00	    0.00	    0.00	    0.00	    0.00	   -0.01	    0.00	    0.00	   -0.01	    0.00	    0.00	    0.00	    0.00	    0.00	    0.00	    0.00	    0.01	   -0.02	    0.04	    0.00
            cor_dir_changes.dat 	  0.78 	  0.82 	 -0.44 	  0.00 	 -0.17 	  0.00 	 -0.42 	 -0.16  
