D:\SOFTMAG\AVERAGED\00000104.000\00000104.R0l 
20 30
64 791
-574
-786
-963
-1092
-1158
-1148
-1049
-873
-656
-417
-176
48
237
376
490
610
770
1004
1346
1774
2237
2717
3199
3665
4099
4455
4713
4889
4999
5060
5089
-1451
-1634
-1774
-1854
-1857
-1767
-1567
-1314
-1013
-685
-351
-33
249
477
669
864
1101
1418
1855
2373
2919
3474
4018
4532
4997
5346
5567
5681
5706
5662
5568
-2241
-2403
-2514
-2553
-2501
-2340
-2048
-1729
-1356
-951
-537
-137
227
543
814
1083
1395
1795
2327
2927
3549
4171
4771
5326
5815
6161
6351
6407
6352
6208
5997
-2936
-3093
-3191
-3207
-3117
-2900
-2533
-2155
-1716
-1240
-752
-275
164
565
910
1249
1633
2112
2735
3415
4111
4799
5453
6047
6558
6906
7070
7075
6945
6707
6384
-3528
-3706
-3816
-3833
-3730
-3483
-3064
-2627
-2122
-1575
-1013
-461
54
531
944
1346
1794
2344
3052
3816
4590
5347
6058
6695
7232
7589
7733
7692
7494
7167
6738
-4011
-4241
-4397
-4448
-4365
-4120
-3684
-3182
-2605
-1982
-1340
-707
-110
433
902
1357
1859
2470
3251
4108
4969
5804
6582
7271
7842
8215
8346
8266
8006
7597
7069
-4376
-4701
-4943
-5069
-5048
-4847
-4435
-3855
-3196
-2485
-1751
-1025
-336
260
772
1265
1807
2465
3306
4270
5233
6160
7019
7775
8396
8790
8915
8804
8489
8005
7386
-4658
-5137
-5515
-5756
-5823
-5679
-5285
-4632
-3885
-3075
-2235
-1395
-589
43
582
1098
1664
2352
3233
4301
5366
6394
7346
8189
8885
9289
9404
9263
8905
8365
7678
-4884
-5524
-6048
-6412
-6576
-6495
-6129
-5405
-4572
-3665
-2719
-1769
-848
-188
368
899
1480
2188
3099
4268
5433
6557
7601
8527
9296
9715
9823
9659
9262
8670
7921
-5030
-5831
-6500
-6988
-7248
-7233
-6894
-6115
-5215
-4229
-3195
-2152
-1135
-444
133
680
1278
2010
2955
4211
5464
6672
7794
8791
9620
10058
10165
9982
9551
8911
8105
-5072
-6027
-6832
-7436
-7785
-7825
-7506
-6707
-5772
-4741
-3654
-2550
-1470
-735
-122
456
1087
1855
2849
4171
5489
6759
7938
8983
9851
10311
10420
10222
9760
9077
8216
-4987
-6079
-7005
-7707
-8128
-8209
-7892
-7123
-6203
-5176
-4084
-2970
-1877
-1071
-395
241
930
1762
2831
4187
5538
6839
8043
9105
9980
10465
10580
10369
9879
9156
8245
-4752
-5956
-6978
-7754
-8222
-8318
-7980
-7305
-6465
-5507
-4476
-3417
-2376
-1460
-684
47
833
1768
2950
4299
5643
6933
8121
9160
10000
10513
10635
10414
9899
9137
8178
-4414
-5570
-6552
-7313
-7806
-7982
-7796
-7286
-6629
-5846
-4956
-3979
-2935
-1915
-992
-91
858
1929
3194
4567
5887
7119
8227
9174
9925
10340
10413
10182
9682
8950
8021
-4052
-5137
-6058
-6781
-7276
-7512
-7456
-7135
-6686
-6102
-5378
-4507
-3485
-2355
-1277
-201
918
2132
3486
4860
6136
7288
8294
9128
9768
10085
10111
9871
9388
8685
7788
-3685
-4685
-5527
-6197
-6678
-6956
-7015
-6893
-6660
-6285
-5737
-4983
-3991
-2759
-1534
-292
991
2339
3775
5136
6351
7408
8296
9003
9516
9739
9722
9476
9012
8344
7482
-3336
-4239
-4993
-5598
-6055
-6366
-6529
-6600
-6579
-6408
-6029
-5386
-4420
-3108
-1757
-370
1053
2514
4011
5349
6495
7448
8210
8780
9158
9294
9238
8991
8553
7924
7103
-3025
-3826
-4487
-5023
-5452
-5790
-6053
-6297
-6467
-6479
-6250
-5698
-4738
-3380
-1941
-445
1083
2621
4142
5455
6530
7378
8011
8442
8683
8738
8652
8413
8009
7427
6654
-2772
-3473
-4042
-4511
-4912
-5279
-5643
-6024
-6350
-6511
-6397
-5899
-4910
-3558
-2080
-525
1058
2622
4118
5411
6419
7165
7674
7970
8079
8063
7957
7736
7375
6851
6138
-2587
-3268
-3821
-4276
-4662
-5009
-5347
-5761
-6120
-6322
-6264
-5841
-4952
-3605
-2140
-605
949
2477
3928
5099
5999
6653
7085
7319
7380
7351
7245
7038
6707
6226
5572
-2461
-3130
-3675
-4124
-4504
-4840
-5159
-5574
-5936
-6149
-6114
-5735
-4915
-3606
-2188
-708
783
2241
3615
4676
5482
6056
6424
6609
6635
6594
6491
6302
6003
5569
4977
-2384
-3045
-3588
-4037
-4414
-4745
-5051
-5443
-5784
-5984
-5950
-5591
-4816
-3573
-2228
-830
572
1933
3202
4163
4884
5390
5703
5848
5850
5798
5700
5530
5264
4879
4351
-2344
-3000
-3544
-3994
-4373
-4700
-4996
-5348
-5652
-5822
-5772
-5417
-4671
-3514
-2263
-966
327
1571
2716
3583
4226
4668
4933
5045
5029
4968
4875
4724
4493
4157
3692
-2331
-2983
-3525
-3977
-4356
-4679
-4964
-5269
-5527
-5659
-5585
-5225
-4499
-3439
-2295
-1112
59
1173
2181
2958
3526
3908
4128
4211
4179
4108
4019
3888
3690
3403
3001
-2336
-2978
-3517
-3967
-4343
-4659
-4930
-5185
-5396
-5488
-5388
-5022
-4316
-3360
-2327
-1264
-220
757
1623
2310
2803
3125
3300
3352
3306
3223
3137
3023
2857
2616
2277
-2329
-2917
-3413
-3834
-4197
-4519
-4817
-5041
-5229
-5310
-5209
-4852
-4167
-3314
-2383
-1423
-486
374
1109
1715
2132
2385
2501
2506
2424
2316
2224
2124
1990
1796
1516
-2298
-2815
-3253
-3631
-3967
-4280
-4590
-4810
-5006
-5103
-5030
-4711
-4075
-3304
-2450
-1570
-719
46
673
1185
1513
1685
1729
1672
1543
1402
1299
1207
1098
944
717
-2253
-2688
-3055
-3377
-3674
-3966
-4275
-4513
-4737
-4873
-4848
-4589
-4023
-3318
-2527
-1712
-930
-243
291
698
927
1008
970
842
656
477
358
269
180
61
-117
-2205
-2547
-2835
-3092
-3340
-3602
-3902
-4172
-4437
-4625
-4662
-4476
-3995
-3346
-2610
-1851
-1131
-514
-63
232
356
339
212
7
-242
-462
-601
-692
-765
-853
-987
-2163
-2407
-2609
-2794
-2987
-3213
-3497
-3805
-4118
-4364
-4470
-4364
-3973
-3380
-2697
-1992
-1332
-784
-416
-234
-219
-337
-556
-841
-1159
-1423
-1585
-1680
-1740
-1799
-1892
-2138
-2280
-2393
-2504
-2638
-2824
-3089
-3433
-3793
-4095
-4269
-4241
-3940
-3407
-2784
-2139
-1545
-1072
-792
-724
-817
-1037
-1348
-1713
-2099
-2408
-2596
-2696
-2745
-2778
-2831
