                   00000104.B0l 1
                      g_glb.dat 	   6.71 	   3.14 	   1.64 	   1.93 	   5.29 	   2.93 	   2.00 	   0.36
                      g_dir.dat 	  13.00 	 -31.00 	  22.00
                     g_step.dat 	   3.33 	  44.00 	  25.00 	  31.00 	   2.24 	  35.00 	  28.00 	   5.00
                    max_min.dat	    2.47	    1.96	    0.84	    0.96	    1.08	    1.11	    1.16	    1.78	    2.20	    1.93	    1.93	    2.13	    2.26	    2.35	    1.99	    2.05	    2.51	    3.01	    3.04	    2.57	    2.97	    3.50	    4.21	    3.60	    3.56	    3.43	    3.23	    3.01	    2.96	    2.93	    2.87	    2.73	    2.73	    2.70	    2.66	    2.62	    2.58	    2.55	    2.50	    2.46	    2.43	    2.39	    2.35	    2.30	    2.26	    2.21	    2.15	    2.05	    1.92	    1.85	    1.78	    1.74	    1.70	    1.67	    1.66	    1.66	    1.69	    1.69	    1.75	    1.80	    1.84	    1.87	    1.60	    1.25
                    cor_max.dat 	  0.85 	  0.87 	  0.88 	  0.81 	  0.82 	  0.74 	  0.87 	  0.91  
                     correl.dat	    0.73	    0.43	   -0.29	   -0.22	    0.14	    0.19	    0.31	    0.53	    0.60	    0.56	    0.54	    0.59	    0.62	    0.58	    0.55	    0.60	    0.67	    0.70	    0.70	    0.69	    0.70	    0.72	    0.73	    0.75	    0.76	    0.76	    0.76	    0.77	    0.77	    0.77	    0.79	    0.81	    0.81	    0.82	    0.83	    0.83	    0.84	    0.84	    0.84	    0.84	    0.84	    0.84	    0.84	    0.83	    0.82	    0.82	    0.81	    0.80	    0.79	    0.78	    0.78	    0.77	    0.77	    0.76	    0.75	    0.75	    0.74	    0.73	    0.73	    0.73	    0.72	    0.72	    0.72	    0.70
               max_minValue.dat	    0.39	    0.33	    0.43	    2.05	    2.73	    2.05	  650.00	 -263.00	  472.00	 -241.00	  331.00	 -394.00	  452.00	 -472.00	  528.00	 -487.00	  519.00	 -469.00	  459.00	 -397.00	  531.00	 -298.00	  676.00	 -307.00	  800.00	 -415.00	  828.00	 -430.00	  846.00	 -397.00	  919.00	 -407.00	 1006.00	 -428.00	 1049.00	 -526.00	 1097.00	 -535.00	 1223.00	 -488.00	 1365.00	 -453.00	 1428.00	 -469.00	 1571.00	 -612.00	 1804.00	 -607.00	 2080.00	 -594.00	 2261.00	 -537.00	 2465.00	 -685.00	 2658.00	 -746.00	 2854.00	 -832.00	 3005.00	 -930.00	 3137.00	 -1043.00	 3285.00	 -1111.00	 3506.00	 -1195.00	 3646.00	 -1269.00	 3606.00	 -1321.00	 3606.00	 -1321.00	 3553.00	 -1317.00	 3487.00	 -1309.00	 3413.00	 -1303.00	 3312.00	 -1282.00	 3217.00	 -1261.00	 3048.00	 -1220.00	 2945.00	 -1195.00	 2840.00	 -1167.00	 2722.00	 -1137.00	 2618.00	 -1113.00	 2511.00	 -1090.00	 2419.00	 -1072.00	 2325.00	 -1054.00	 2230.00	 -1037.00	 2134.00	 -1042.00	 1989.00	 -1035.00	 1905.00	 -1032.00	 1807.00	 -1015.00	 1723.00	 -993.00	 1624.00	 -958.00	 1540.00	 -920.00	 1443.00	 -870.00	 1345.00	 -810.00	 1251.00	 -740.00	 1141.00	 -674.00	  988.00	 -564.00	  883.00	 -491.00	  792.00	 -430.00	  698.00	 -374.00	  602.00	 -377.00	  505.00	 -403.00
                    cor_cor.dat 	  0.58 	  0.54 	  0.21 	  0.77 	  0.95 	  0.95 	  0.94 	  0.94  
                  direction.dat	    0.56	   -0.56	   -0.65	   -0.68	   -0.53	   -0.51	   -0.55	   -0.27	   -0.27	   -0.53	   -0.53	   -0.27	   -0.25	   -0.25	   -0.53	   -0.51	   -0.51	   -0.51	    0.27	    0.29	    0.29	   -0.51	    0.19	    0.19	    0.27	    0.29	   -0.17	   -0.15	   -0.13	   -0.12	   -0.12	   -0.11	   -0.11	   -0.10	   -0.11	   -0.11	   -0.10	   -0.10	   -0.09	   -0.09	   -0.09	   -0.07	   -0.06	   -0.08	   -0.07	   -0.07	   -0.07	   -0.07	   -0.10	   -0.10	   -0.10	   -0.09	   -0.10	   -0.11	   -0.11	   -0.11	   -0.11	   -0.11	   -0.12	   -0.12	   -0.13	   -0.20	   -0.22	   -0.25
                    cor_dir.dat 	  0.41 	 -0.20 	  0.51 	  0.57 	 -0.39 	  0.84 	  0.83 	 -0.61  
                 StepPoints.dat 	 0.21 	 0.56 	 0.59 	 0.59 	 0.56 	 0.58 	 0.56 	 0.59 	 0.62 	 0.58 	 0.58 	 0.62 	 0.58 	 0.52 	 0.56 	 0.55 	 0.55
                 PointsComp.dat 	 0.17
                dir_changes.dat	    0.00	   -1.13	   -0.08	   -0.04	    0.16	    0.02	   -0.03	    0.28	    0.00	   -0.26	    0.00	    0.26	    0.02	    0.00	   -0.28	    0.02	    0.00	    0.00	    0.78	    0.02	    0.00	   -0.80	    0.70	    0.00	    0.08	    0.02	   -0.45	    0.01	    0.03	    0.01	    0.00	    0.01	    0.00	    0.01	   -0.01	    0.00	    0.01	    0.00	    0.01	    0.00	    0.00	    0.02	    0.01	   -0.02	    0.01	    0.00	    0.00	    0.00	   -0.02	    0.00	    0.00	    0.01	   -0.01	   -0.01	    0.00	    0.00	   -0.01	    0.00	   -0.01	    0.00	   -0.01	   -0.07	   -0.02	   -0.03
            cor_dir_changes.dat 	 -0.47 	 -0.51 	  0.26 	 -0.00 	 -0.42 	  0.34 	 -0.06 	 -0.42  
