D:\SOFTMAG\cryoton\averaged\00000202.000\00000202.R0l 
20 30
64 762
-1074
-1394
-1662
-1817
-1795
-1536
-979
-205
620
1436
2183
2798
3222
3441
3501
3427
3244
2978
2654
2349
2115
1941
1812
1716
1642
1553
1435
1300
1160
1027
916
-1052
-1210
-1333
-1371
-1274
-993
-478
172
862
1537
2145
2633
2948
3111
3143
3067
2907
2686
2427
2113
1868
1681
1539
1432
1348
1291
1210
1118
1025
943
885
-1027
-1034
-1023
-957
-796
-505
-44
493
1056
1600
2079
2449
2665
2770
2773
2694
2556
2379
2183
1869
1621
1430
1285
1175
1090
1057
1006
950
897
859
847
-994
-865
-735
-579
-370
-82
308
734
1171
1584
1935
2187
2305
2343
2307
2217
2091
1948
1806
1509
1276
1099
968
873
805
798
782
764
755
765
801
-947
-700
-470
-241
-2
262
567
871
1175
1448
1663
1790
1802
1754
1662
1543
1412
1285
1180
927
736
599
508
454
431
464
494
530
578
648
748
-880
-537
-227
50
299
520
716
883
1035
1152
1214
1199
1087
929
756
581
419
284
190
16
-97
-159
-174
-150
-95
2
103
215
345
500
686
-789
-374
-9
294
527
680
742
745
720
656
538
355
94
-207
-496
-759
-985
-1162
-1279
-1329
-1323
-1264
-1160
-1015
-837
-640
-433
-210
35
308
616
-675
-248
119
413
617
716
694
517
315
70
-234
-616
-1092
-1581
-2043
-2451
-2779
-3001
-3090
-3031
-2889
-2677
-2409
-2098
-1756
-1359
-984
-618
-248
139
556
-554
-122
243
521
690
729
617
263
-114
-537
-1027
-1605
-2293
-2974
-3613
-4169
-4603
-4873
-4939
-4766
-4486
-4119
-3685
-3204
-2697
-2093
-1543
-1028
-527
-20
513
-437
-7
348
602
728
699
488
-25
-560
-1143
-1799
-2555
-3436
-4302
-5111
-5809
-6341
-6653
-6689
-6403
-5985
-5463
-4863
-4213
-3540
-2747
-2040
-1393
-779
-169
463
-332
84
418
638
710
603
283
-354
-1012
-1721
-2509
-3409
-4449
-5482
-6445
-7268
-7881
-8217
-8205
-7810
-7257
-6582
-5819
-5002
-4167
-3225
-2402
-1665
-977
-306
383
-252
139
441
614
620
422
-18
-731
-1462
-2246
-3117
-4110
-5260
-6433
-7521
-8441
-9108
-9441
-9354
-8854
-8171
-7349
-6428
-5451
-4459
-3432
-2558
-1794
-1099
-430
252
-205
147
400
512
437
134
-442
-1164
-1902
-2696
-3583
-4604
-5797
-7071
-8247
-9225
-9908
-10199
-10000
-9402
-8599
-7637
-6567
-5437
-4296
-3273
-2436
-1734
-1119
-541
47
-188
13
133
135
-17
-360
-932
-1638
-2346
-3100
-3941
-4914
-6061
-7297
-8454
-9424
-10102
-10380
-10152
-9398
-8447
-7351
-6164
-4940
-3731
-2752
-2002
-1428
-977
-594
-226
-187
-129
-136
-237
-462
-840
-1400
-2059
-2707
-3390
-4155
-5049
-6119
-7292
-8406
-9345
-9992
-10234
-9954
-9067
-7992
-6786
-5507
-4212
-2960
-2061
-1436
-1026
-774
-622
-512
-192
-268
-393
-588
-875
-1278
-1818
-2408
-2973
-3563
-4230
-5024
-5995
-7087
-8140
-9028
-9628
-9815
-9464
-8475
-7307
-6021
-4680
-3345
-2080
-1272
-783
-548
-507
-597
-757
-192
-390
-620
-896
-1234
-1649
-2157
-2664
-3133
-3618
-4173
-4853
-5712
-6712
-7692
-8518
-9058
-9177
-8744
-7689
-6464
-5134
-3767
-2429
-1187
-457
-90
-18
-175
-494
-909
-178
-483
-802
-1144
-1517
-1928
-2387
-2807
-3176
-3552
-3991
-4553
-5296
-6197
-7098
-7856
-8329
-8376
-7854
-6776
-5535
-4204
-2854
-1554
-378
311
595
543
226
-283
-916
-142
-534
-923
-1312
-1700
-2089
-2480
-2818
-3092
-3362
-3690
-4139
-4770
-5572
-6394
-7084
-7492
-7466
-6856
-5801
-4594
-3310
-2023
-811
252
964
1226
1113
699
61
-726
-78
-475
-868
-1260
-1651
-2044
-2440
-2706
-2913
-3115
-3366
-3721
-4235
-4928
-5633
-6218
-6548
-6491
-5912
-4945
-3840
-2663
-1480
-359
633
1229
1430
1302
913
328
-384
6
-382
-766
-1148
-1530
-1913
-2301
-2523
-2692
-2854
-3056
-3346
-3772
-4369
-4972
-5466
-5733
-5659
-5126
-4258
-3265
-2206
-1137
-119
792
1317
1503
1407
1087
602
9
107
-261
-625
-986
-1346
-1709
-2077
-2279
-2433
-2579
-2757
-3006
-3367
-3880
-4393
-4807
-5023
-4943
-4467
-3706
-2833
-1899
-953
-44
777
1265
1469
1438
1222
870
431
219
-120
-453
-782
-1112
-1444
-1783
-1985
-2144
-2293
-2465
-2693
-3009
-3447
-3878
-4220
-4393
-4316
-3906
-3255
-2508
-1704
-885
-91
637
1109
1352
1407
1315
1117
853
337
35
-258
-548
-838
-1132
-1433
-1649
-1828
-1996
-2178
-2399
-2686
-3053
-3407
-3684
-3820
-3750
-3411
-2874
-2253
-1581
-890
-213
419
883
1174
1324
1366
1330
1249
458
200
-48
-292
-536
-785
-1042
-1283
-1492
-1690
-1892
-2117
-2385
-2684
-2964
-3177
-3278
-3219
-2954
-2527
-2032
-1491
-928
-365
173
625
960
1201
1372
1495
1595
567
388
213
31
-166
-389
-647
-909
-1151
-1381
-1607
-1835
-2074
-2328
-2550
-2707
-2765
-2691
-2451
-2097
-1697
-1268
-826
-390
25
489
864
1168
1418
1629
1818
658
559
457
338
187
-10
-268
-545
-812
-1068
-1310
-1534
-1738
-1937
-2091
-2182
-2188
-2089
-1864
-1568
-1250
-920
-588
-264
40
463
826
1139
1414
1659
1886
737
719
692
638
535
365
108
-179
-470
-750
-1005
-1222
-1388
-1525
-1605
-1623
-1570
-1439
-1222
-975
-729
-487
-254
-33
171
511
820
1102
1361
1601
1824
809
875
927
940
889
750
498
196
-119
-424
-694
-906
-1037
-1108
-1110
-1051
-935
-768
-556
-350
-169
-9
131
257
369
598
825
1047
1262
1467
1659
877
1032
1168
1254
1260
1157
915
593
246
-89
-382
-595
-697
-700
-624
-487
-308
-105
102
271
392
475
528
562
586
688
816
963
1118
1272
1415
947
1198
1424
1590
1660
1599
1374
1021
632
254
-70
-296
-379
-318
-165
46
287
524
726
858
920
926
894
837
774
744
771
838
929
1029
1121
