                   00000202.B0l 1
                      g_glb.dat 	   2.21 	   0.36 	   0.64 	   1.21 	   2.07 	   0.07 	   1.64 	   0.36
                      g_dir.dat 	  16.00 	  -7.00 	  15.00
                     g_step.dat 	   0.73 	   5.00 	   9.00 	   4.00 	   1.03 	   1.00 	  23.00 	   7.00
                    max_min.dat	    0.29	    0.33	    0.39	    0.45	    0.46	    0.43	    0.38	    0.34	    0.32	    0.32	    0.36	    0.42	    0.51	    0.60	    0.61	    0.57	    0.49	    0.40	    0.34	    0.32	    0.35	    0.43	    0.53	    0.64	    0.69	    0.70	    0.66	    0.61	    0.55	    0.49	    0.46	    0.45	    0.45	    0.44	    0.44	    0.44	    0.44	    0.43	    0.43	    0.43	    0.43	    0.43	    0.43	    0.43	    0.43	    0.43	    0.46	    0.48	    0.49	    0.51	    0.53	    0.54	    0.54	    0.54	    0.54	    0.53	    0.52	    0.52	    0.51	    0.51	    0.46	    0.41	    0.37	    0.32
                    cor_max.dat 	  0.44 	  0.36 	  0.57 	  0.52 	  0.56 	  0.55 	  0.56 	  0.58  
                     correl.dat	    0.51	    0.50	    0.48	    0.48	    0.50	    0.53	    0.56	    0.58	    0.59	    0.59	    0.59	    0.59	    0.59	    0.59	    0.61	    0.65	    0.68	    0.70	    0.71	    0.73	    0.74	    0.76	    0.77	    0.76	    0.76	    0.78	    0.80	    0.83	    0.85	    0.87	    0.87	    0.88	    0.88	    0.88	    0.88	    0.88	    0.88	    0.88	    0.88	    0.88	    0.88	    0.88	    0.88	    0.88	    0.87	    0.87	    0.86	    0.85	    0.84	    0.83	    0.82	    0.81	    0.79	    0.78	    0.78	    0.77	    0.77	    0.76	    0.75	    0.74	    0.72	    0.69	    0.65	    0.59
               max_minValue.dat	   -0.47	   -0.50	   -0.45	   -0.57	   -0.45	   -0.48	  348.00	 -1215.00	  385.00	 -1180.00	  449.00	 -1154.00	  513.00	 -1151.00	  545.00	 -1190.00	  541.00	 -1261.00	  517.00	 -1358.00	  491.00	 -1452.00	  484.00	 -1508.00	  497.00	 -1536.00	  544.00	 -1525.00	  619.00	 -1470.00	  714.00	 -1408.00	  813.00	 -1363.00	  837.00	 -1365.00	  813.00	 -1424.00	  759.00	 -1545.00	  681.00	 -1695.00	  616.00	 -1831.00	  610.00	 -1922.00	  687.00	 -1944.00	  849.00	 -1967.00	 1076.00	 -2029.00	 1360.00	 -2132.00	 1564.00	 -2263.00	 1735.00	 -2485.00	 1831.00	 -2761.00	 1848.00	 -3052.00	 1815.00	 -3328.00	 1760.00	 -3559.00	 1722.00	 -3723.00	 1696.00	 -3805.00	 1696.00	 -3805.00	 1685.00	 -3808.00	 1672.00	 -3802.00	 1654.00	 -3781.00	 1623.00	 -3722.00	 1595.00	 -3667.00	 1561.00	 -3591.00	 1522.00	 -3508.00	 1480.00	 -3407.00	 1424.00	 -3290.00	 1369.00	 -3164.00	 1307.00	 -3027.00	 1199.00	 -2802.00	 1151.00	 -2648.00	 1134.00	 -2487.00	 1107.00	 -2326.00	 1071.00	 -2165.00	 1026.00	 -2009.00	  973.00	 -1853.00	  913.00	 -1706.00	  812.00	 -1490.00	  738.00	 -1357.00	  676.00	 -1256.00	  613.00	 -1154.00	  556.00	 -1061.00	  501.00	 -964.00	  450.00	 -875.00	  398.00	 -787.00	  329.00	 -714.00	  284.00	 -689.00	  243.00	 -661.00	  204.00	 -633.00
                    cor_cor.dat 	  0.81 	  0.82 	  0.78 	  0.82 	  0.97 	  0.98 	  0.97 	  0.97  
                  direction.dat	   -0.30	   -0.30	   -0.25	   -0.25	   -0.22	   -0.22	   -0.20	   -0.25	   -0.25	   -0.25	   -0.25	   -0.30	   -0.32	   -0.34	   -0.32	   -0.30	   -0.25	   -0.25	   -0.25	   -0.25	   -0.20	   -0.20	   -0.20	   -0.19	   -0.19	   -0.19	   -0.19	   -0.17	   -0.17	   -0.15	   -0.13	   -0.11	   -0.11	   -0.11	   -0.11	   -0.11	   -0.11	   -0.11	   -0.11	   -0.12	   -0.12	   -0.12	   -0.12	   -0.12	   -0.12	   -0.14	   -0.14	   -0.12	   -0.09	   -0.09	   -0.07	   -0.06	   -0.04	   -0.03	    0.25	    0.25	    0.27	    0.31	    0.31	    0.33	    0.33	    0.34	    0.34	    0.35
                    cor_dir.dat 	  0.80 	  0.80 	  0.81 	  0.79 	  0.60 	  0.78 	  0.75 	  0.55  
                 StepPoints.dat 	 0.15 	 0.55 	 0.44 	 0.41 	 0.47 	 0.48 	 0.59 	 0.45 	 0.50 	 0.55 	 0.64 	 0.48 	 0.50 	 0.48 	 0.53 	 0.52 	 0.59
                 PointsComp.dat 	 0.13
                dir_changes.dat	    0.00	    0.00	    0.05	    0.00	    0.03	    0.00	    0.03	   -0.05	    0.00	    0.00	    0.00	   -0.05	   -0.02	   -0.02	    0.02	    0.02	    0.05	    0.00	    0.00	    0.00	    0.05	   -0.00	    0.00	    0.02	    0.00	    0.00	    0.00	    0.02	    0.00	    0.02	    0.02	    0.02	    0.00	    0.00	    0.00	    0.00	    0.00	    0.00	    0.00	   -0.01	    0.00	    0.00	    0.00	    0.00	    0.00	   -0.02	    0.00	    0.02	    0.03	    0.00	    0.02	    0.02	    0.02	    0.01	    0.28	    0.00	    0.02	    0.04	    0.00	    0.02	    0.00	    0.01	    0.00	    0.01
            cor_dir_changes.dat 	  0.09 	  0.06 	  0.62 	  0.00 	  0.11 	  0.00 	  0.53 	  0.10  
