D:\SOFTMAG\cryoton\averaged\00000103.000\00000103.R0l 
20 30
64 922
3939
4080
4203
4242
4130
3803
3194
2385
1551
764
97
-379
-593
-571
-387
-37
481
1174
2045
2941
3710
4349
4856
5229
5467
5563
5517
5330
5003
4538
3939
3280
3360
3428
3431
3314
3023
2504
1892
1265
681
198
-124
-228
-237
-113
152
571
1153
1907
2695
3377
3949
4404
4739
4948
5099
5105
4971
4701
4301
3775
2664
2685
2702
2673
2554
2303
1877
1451
1019
625
316
135
129
95
166
356
682
1159
1804
2492
3097
3609
4022
4328
4517
4716
4768
4681
4463
4121
3664
2108
2074
2042
1983
1865
1657
1327
1065
806
582
424
365
435
389
419
545
790
1176
1724
2326
2867
3336
3720
4010
4195
4428
4513
4460
4279
3982
3580
1631
1542
1464
1377
1262
1098
865
736
620
535
498
529
644
605
612
692
875
1187
1656
2193
2690
3133
3509
3803
4002
4249
4345
4304
4140
3867
3499
1250
1108
984
870
759
640
507
470
456
468
512
592
712
702
710
769
913
1175
1590
2085
2563
3007
3398
3722
3960
4191
4270
4213
4037
3758
3395
984
788
619
479
371
299
265
270
306
366
440
518
593
643
682
749
883
1125
1515
1999
2488
2962
3400
3782
4090
4269
4293
4183
3959
3639
3244
811
634
480
350
245
164
108
88
100
135
187
248
312
365
409
491
655
948
1414
1976
2536
3071
3559
3976
4300
4471
4457
4283
3970
3541
3020
686
526
388
269
166
77
0
-60
-90
-95
-80
-52
-16
45
103
208
410
761
1312
1954
2587
3186
3726
4180
4524
4680
4624
4379
3974
3431
2778
586
448
329
225
129
36
-60
-162
-235
-282
-307
-314
-307
-234
-161
-33
207
617
1254
1979
2689
3356
3951
4447
4813
4958
4860
4548
4051
3397
2614
487
379
289
207
126
37
-68
-200
-304
-381
-434
-464
-473
-395
-313
-167
106
570
1287
2100
2892
3632
4287
4828
5223
5364
5233
4862
4283
3526
2622
366
301
251
205
152
79
-24
-160
-268
-349
-402
-429
-429
-357
-278
-126
168
674
1460
2366
3246
4064
4786
5378
5805
5959
5811
5397
4751
3906
2898
202
195
202
208
199
159
75
-24
-96
-140
-155
-138
-88
-40
15
156
453
983
1818
2825
3799
4702
5497
6147
6616
6803
6661
6226
5536
4626
3535
-11
16
57
104
148
184
202
208
245
303
373
444
509
566
613
730
999
1500
2314
3355
4383
5357
6238
6984
7555
7742
7592
7146
6445
5528
4437
-247
-182
-104
-13
88
202
326
457
623
802
975
1121
1219
1273
1296
1378
1604
2064
2844
3904
4971
6003
6954
7781
8441
8646
8507
8069
7375
6470
5397
-486
-384
-269
-136
23
214
443
708
1010
1320
1604
1833
1975
2016
2008
2044
2220
2629
3367
4426
5514
6582
7584
8473
9201
9442
9334
8922
8255
7381
6345
-704
-571
-426
-254
-43
220
549
945
1383
1820
2215
2525
2708
2733
2689
2676
2797
3152
3844
4876
5958
7038
8066
8992
9763
10060
10000
9635
9014
8189
7210
-881
-727
-560
-360
-107
218
638
1153
1714
2268
2761
3140
3351
3361
3281
3220
3286
3587
4232
5208
6254
7315
8339
9269
10053
10426
10435
10135
9580
8824
7922
-997
-834
-659
-445
-164
210
707
1318
1980
2627
3196
3620
3838
3836
3725
3621
3637
3890
4494
5376
6350
7356
8338
9239
10000
10467
10565
10350
9881
9215
8409
-1041
-852
-653
-418
-121
262
759
1403
2092
2766
3366
3834
4112
4110
4008
3906
3905
4104
4603
5396
6273
7184
8079
8908
9621
10076
10215
10087
9742
9232
8605
-1027
-823
-611
-366
-65
316
803
1449
2132
2800
3401
3881
4187
4195
4113
4024
4016
4172
4578
5265
6030
6829
7621
8363
9012
9445
9615
9565
9336
8973
8516
-966
-756
-539
-293
3
374
841
1462
2113
2750
3323
3788
4097
4123
4069
4003
3996
4118
4439
5007
5645
6320
6995
7636
8207
8609
8802
8820
8698
8472
8177
-868
-659
-444
-204
82
435
877
1450
2048
2631
3157
3585
3874
3926
3905
3868
3868
3962
4205
4643
5145
5684
6231
6760
7243
7606
7811
7888
7864
7766
7622
-744
-540
-332
-102
168
499
911
1421
1950
2463
2924
3300
3554
3634
3651
3646
3659
3729
3897
4197
4554
4949
5361
5771
6158
6470
6679
6806
6869
6890
6888
-606
-408
-210
7
260
567
946
1382
1830
2263
2649
2961
3169
3279
3337
3366
3392
3439
3535
3691
3899
4145
4416
4701
4987
5239
5442
5608
5750
5879
6010
-480
-270
-65
150
388
663
987
1350
1716
2065
2377
2632
2809
2935
3022
3079
3117
3144
3172
3207
3278
3380
3509
3659
3826
4027
4225
4424
4630
4847
5081
-382
-154
64
284
514
762
1039
1338
1632
1908
2155
2362
2519
2654
2763
2842
2883
2883
2835
2754
2694
2659
2651
2672
2726
2864
3046
3268
3527
3822
4149
-300
-50
185
414
639
865
1098
1339
1565
1772
1960
2125
2265
2404
2531
2625
2666
2633
2505
2310
2123
1952
1810
1705
1649
1715
1870
2104
2407
2769
3179
-225
48
304
543
765
972
1163
1345
1502
1641
1768
1891
2015
2155
2296
2403
2440
2371
2161
1853
1538
1232
956
725
559
542
661
897
1234
1652
2135
-145
152
427
676
896
1082
1231
1348
1431
1496
1557
1631
1733
1873
2029
2148
2181
2076
1783
1359
913
471
57
-300
-579
-689
-617
-388
-28
436
982
-50
269
561
818
1032
1195
1300
1342
1340
1319
1303
1318
1388
1529
1701
1835
1865
1726
1351
806
224
-360
-915
-1408
-1805
-2017
-2001
-1789
-1416
-913
-315
