                   00000103.B0l 1
                      g_glb.dat 	   5.93 	   3.50 	   1.50 	   0.93 	   3.93 	   1.43 	   1.07 	   1.43
                      g_dir.dat 	  58.00 	 -39.00 	  36.00
                     g_step.dat 	   2.93 	  42.00 	  30.00 	   5.00 	   2.03 	  27.00 	  16.00 	  20.00
                    max_min.dat	    3.23	    2.53	    2.25	    2.19	    2.32	    2.19	    1.83	    1.75	    2.21	    3.26	    2.69	    2.03	    1.90	    2.23	    2.48	    2.06	    1.88	    1.80	    1.80	    1.90	    2.02	    2.10	    2.14	    2.13	    2.05	    1.99	    2.02	    2.09	    2.16	    2.19	    2.29	    2.41	    2.41	    2.46	    2.48	    2.54	    2.55	    2.62	    2.66	    2.70	    2.76	    2.87	    2.93	    3.10	    3.21	    3.26	    3.22	    3.11	    3.05	    2.96	    2.88	    2.88	    2.88	    3.00	    3.10	    3.54	    4.03	    4.99	    5.95	    6.67	    7.71	    7.35	    6.13	    5.54
                    cor_max.dat 	  0.83 	  0.95 	  0.78 	  0.72 	  0.58 	  0.74 	  0.71 	  0.49  
                     correl.dat	    0.78	    0.72	    0.61	    0.58	    0.62	    0.65	    0.64	    0.60	    0.60	    0.60	    0.59	    0.59	    0.63	    0.69	    0.76	    0.79	    0.80	    0.80	    0.82	    0.83	    0.84	    0.85	    0.86	    0.87	    0.88	    0.88	    0.89	    0.90	    0.91	    0.91	    0.91	    0.91	    0.91	    0.91	    0.91	    0.91	    0.91	    0.91	    0.91	    0.90	    0.90	    0.89	    0.89	    0.88	    0.87	    0.86	    0.85	    0.84	    0.83	    0.82	    0.81	    0.80	    0.79	    0.78	    0.77	    0.76	    0.75	    0.73	    0.72	    0.70	    0.68	    0.64	    0.61	    0.58
               max_minValue.dat	    0.40	    0.46	    0.36	    2.06	    2.41	    3.11	  756.00	 -234.00	  767.00	 -303.00	  790.00	 -351.00	  805.00	 -368.00	  767.00	 -330.00	  694.00	 -317.00	  606.00	 -331.00	  547.00	 -312.00	  570.00	 -258.00	  645.00	 -198.00	  706.00	 -262.00	  707.00	 -349.00	  718.00	 -377.00	  791.00	 -354.00	  871.00	 -351.00	  910.00	 -441.00	  928.00	 -493.00	  979.00	 -545.00	 1110.00	 -617.00	 1289.00	 -678.00	 1471.00	 -728.00	 1636.00	 -778.00	 1832.00	 -855.00	 2060.00	 -969.00	 2311.00	 -1128.00	 2582.00	 -1296.00	 2840.00	 -1406.00	 3150.00	 -1505.00	 3400.00	 -1575.00	 3549.00	 -1623.00	 3606.00	 -1573.00	 3534.00	 -1469.00	 3534.00	 -1469.00	 3483.00	 -1415.00	 3435.00	 -1386.00	 3350.00	 -1317.00	 3288.00	 -1287.00	 3191.00	 -1219.00	 3120.00	 -1175.00	 3002.00	 -1112.00	 2908.00	 -1054.00	 2765.00	 -963.00	 2661.00	 -907.00	 2499.00	 -807.00	 2382.00	 -741.00	 2210.00	 -678.00	 2120.00	 -659.00	 1994.00	 -641.00	 1914.00	 -627.00	 1776.00	 -599.00	 1684.00	 -585.00	 1557.00	 -541.00	 1467.00	 -509.00	 1339.00	 -446.00	 1244.00	 -401.00	 1171.00	 -331.00	 1136.00	 -282.00	 1073.00	 -215.00	 1036.00	 -174.00	  980.00	 -147.00	  941.00	 -122.00	  882.00	 -120.00	  852.00	 -139.00	  792.00	 -143.00
                    cor_cor.dat 	  0.86 	  0.90 	  0.86 	  0.85 	  0.97 	  0.99 	  0.96 	  0.96  
                  direction.dat	   -0.14	    0.47	    0.47	    0.49	    0.49	    0.86	    0.86	    0.87	    0.87	    0.89	   -0.60	   -0.58	   -0.51	   -0.50	    0.27	    0.27	    0.27	    0.29	    0.29	    0.29	    0.30	    0.30	    0.29	    0.29	    0.29	    0.29	    0.29	    0.29	    0.27	    0.27	    0.27	    0.27	    0.27	    0.27	    0.27	    0.27	    0.27	    0.25	    0.25	    0.25	    0.23	    0.23	    0.21	    0.18	    0.16	    0.13	   -0.07	   -0.09	   -0.09	   -0.11	   -0.12	   -0.12	   -0.12	   -0.15	   -0.15	   -0.20	   -0.21	   -0.21	   -0.21	   -0.23	   -0.23	    0.20	    0.22	    0.22
                    cor_dir.dat 	 -0.43 	 -0.40 	 -0.48 	 -0.41 	  0.28 	 -0.52 	 -0.19 	  0.62  
                 StepPoints.dat 	 0.21 	 0.56 	 0.61 	 0.58 	 0.66 	 0.62 	 0.58 	 0.47 	 0.55 	 0.61 	 0.56 	 0.59 	 0.62 	 0.56 	 0.55 	 0.55 	 0.55
                 PointsComp.dat 	 0.20
                dir_changes.dat	    0.00	    0.61	    0.00	    0.02	    0.00	    0.38	    0.00	    0.01	    0.00	    0.02	   -1.49	    0.03	    0.06	    0.01	    0.77	    0.00	    0.00	    0.02	    0.00	   -0.00	    0.02	    0.00	   -0.02	    0.00	    0.00	    0.00	    0.00	    0.00	   -0.02	    0.00	    0.00	    0.00	    0.00	    0.00	    0.00	    0.00	    0.00	   -0.02	    0.00	    0.00	   -0.02	    0.00	   -0.02	   -0.03	   -0.02	   -0.03	   -0.21	   -0.01	   -0.01	   -0.02	   -0.01	    0.00	    0.00	   -0.02	    0.00	   -0.05	   -0.01	    0.00	    0.00	   -0.01	    0.00	    0.42	    0.03	    0.00
            cor_dir_changes.dat 	  0.59 	  0.69 	  0.05 	  0.00 	  0.82 	  0.00 	 -0.05 	  0.91  
