D:\SOFTMAG\averaged\00000602.000\00000602.R0l 
20 30
64 938
-5905
-5236
-4600
-3950
-3235
-2407
-1417
-316
766
1766
2618
3259
3622
3740
3699
3508
3179
2723
2152
1574
1089
693
378
140
-26
-136
-197
-204
-151
-32
157
-6919
-6033
-5186
-4335
-3433
-2438
-1303
-177
918
1930
2804
3484
3915
4195
4319
4289
4109
3779
3303
2740
2239
1799
1418
1097
833
582
384
241
153
122
148
-7798
-6720
-5687
-4659
-3596
-2458
-1204
-59
1044
2062
2950
3664
4158
4591
4872
4996
4956
4745
4357
3811
3296
2815
2372
1969
1611
1235
916
652
438
273
151
-8544
-7301
-6110
-4935
-3738
-2486
-1141
27
1144
2174
3083
3835
4398
4967
5391
5652
5737
5630
5314
4786
4258
3737
3232
2749
2297
1812
1390
1021
699
415
163
-9158
-7783
-6466
-5174
-3876
-2541
-1137
73
1220
2278
3224
4033
4681
5364
5906
6282
6469
6441
6175
5664
5122
4560
3991
3427
2881
2306
1796
1341
928
544
178
-9642
-8170
-6761
-5388
-4024
-2641
-1213
67
1272
2388
3399
4292
5054
5820
6449
6910
7167
7188
6940
6443
5884
5278
4644
3996
3352
2705
2128
1605
1120
655
195
-10000
-8469
-7006
-5590
-4197
-2805
-1391
0
1302
2514
3631
4649
5564
6374
7053
7558
7848
7879
7611
7123
6542
5888
5182
4446
3700
3000
2376
1806
1269
744
209
-10277
-8809
-7396
-6005
-4605
-3163
-1648
-118
1334
2702
3973
5138
6187
7042
7746
8256
8530
8525
8197
7641
6996
6284
5526
4743
3958
3197
2520
1903
1327
769
208
-10479
-9092
-7744
-6395
-5003
-3528
-1929
-256
1351
2877
4306
5622
6808
7693
8409
8911
9156
9100
8699
8079
7376
6610
5804
4980
4160
3346
2623
1968
1361
779
200
-10544
-9258
-7997
-6712
-5351
-3865
-2202
-404
1339
3007
4576
6025
7331
8247
8974
9468
9683
9577
9104
8424
7666
6851
6003
5142
4291
3438
2683
2005
1381
789
207
-10410
-9252
-8105
-6910
-5607
-4136
-2438
-552
1289
3060
4731
6275
7662
8623
9374
9872
10071
9927
9395
8660
7852
6994
6107
5214
4337
3466
2701
2019
1399
818
253
-10012
-9015
-8015
-6944
-5731
-4308
-2606
-692
1188
3003
4718
6298
7708
8739
9541
10070
10279
10124
9558
8774
7921
7023
6102
5182
4285
3422
2672
2014
1424
880
360
-9291
-8492
-7677
-6766
-5681
-4344
-2677
-814
1026
2806
4485
6021
7375
8515
9408
10007
10266
10139
9580
8750
7857
6925
5975
5033
4120
3297
2597
1995
1469
995
551
-8337
-7679
-6995
-6217
-5278
-4110
-2646
-964
697
2318
3877
5353
6725
7913
8893
9604
9983
9969
9498
8688
7786
6822
5827
4833
3871
3074
2433
1917
1495
1137
810
-7317
-6800
-6247
-5603
-4810
-3811
-2551
-1085
361
1787
3190
4570
5925
7174
8257
9095
9610
9723
9357
8572
7665
6675
5641
4602
3597
2832
2257
1834
1524
1287
1085
-6277
-5898
-5475
-4961
-4311
-3480
-2421
-1193
16
1224
2450
3712
5028
6343
7533
8502
9156
9401
9143
8396
7497
6493
5431
4358
3323
2586
2076
1743
1542
1425
1344
-5261
-5016
-4717
-4329
-3818
-3149
-2287
-1304
-339
644
1685
2821
4090
5464
6753
7846
8632
9002
8845
8154
7281
6281
5209
4122
3073
2354
1895
1641
1536
1526
1555
-4317
-4198
-4015
-3746
-3366
-2851
-2178
-1434
-708
57
919
1936
3165
4580
5950
7149
8050
8526
8452
7841
7018
6047
4990
3912
2875
2152
1722
1524
1495
1570
1686
-3490
-3486
-3410
-3249
-2989
-2619
-2125
-1598
-1090
-522
181
1099
2309
3735
5157
6432
7418
7972
7952
7451
6710
5798
4787
3749
2755
1994
1563
1390
1404
1533
1706
-2824
-2945
-2991
-2947
-2799
-2533
-2134
-1723
-1323
-861
-265
535
1613
3031
4441
5714
6718
7321
7394
6963
6304
5482
4563
3612
2694
1995
1592
1418
1410
1500
1623
-2318
-2545
-2693
-2747
-2690
-2507
-2184
-1850
-1517
-1120
-593
129
1114
2492
3859
5097
6086
6706
6839
6481
5907
5177
4352
3489
2650
2000
1611
1425
1381
1419
1480
-1950
-2264
-2496
-2627
-2643
-2526
-2260
-1969
-1671
-1308
-817
-139
787
2097
3394
4569
5516
6127
6294
6007
5518
4879
4146
3372
2610
2001
1619
1411
1324
1302
1294
-1697
-2081
-2378
-2571
-2642
-2573
-2347
-2073
-1785
-1429
-949
-290
602
1824
3029
4121
5005
5585
5765
5545
5135
4585
3940
3250
2562
1990
1612
1380
1245
1161
1079
-1535
-1973
-2320
-2558
-2669
-2632
-2429
-2154
-1858
-1490
-1002
-345
532
1650
2748
3741
4547
5080
5257
5097
4760
4290
3727
3113
2492
1959
1586
1331
1151
1006
852
-1443
-1919
-2301
-2570
-2705
-2686
-2493
-2205
-1888
-1498
-991
-322
551
1554
2534
3419
4135
4612
4776
4665
4392
3991
3499
2953
2388
1900
1538
1267
1049
848
629
-1357
-1839
-2232
-2516
-2669
-2670
-2496
-2181
-1838
-1428
-914
-255
584
1507
2403
3202
3837
4238
4337
4234
3985
3624
3186
2704
2214
1713
1340
1062
844
652
452
-1250
-1727
-2121
-2411
-2572
-2583
-2421
-2095
-1742
-1330
-824
-193
595
1449
2273
3000
3565
3903
3948
3831
3584
3240
2832
2393
1955
1465
1107
848
656
499
342
-1142
-1604
-1989
-2273
-2433
-2443
-2281
-1955
-1602
-1196
-710
-116
612
1404
2162
2823
3325
3606
3605
3453
3188
2842
2444
2028
1622
1164
842
623
478
376
284
-1057
-1492
-1856
-2123
-2268
-2266
-2092
-1768
-1418
-1022
-557
-3
662
1393
2086
2681
3121
3347
3299
3096
2798
2432
2029
1618
1229
819
548
386
304
273
262
-1018
-1413
-1742
-1978
-2096
-2068
-1869
-1542
-1191
-800
-353
165
772
1438
2061
2587
2960
3125
3027
2760
2413
2015
1593
1175
788
438
230
135
127
178
260
-1049
-1388
-1667
-1858
-1934
-1865
-1627
-1285
-921
-524
-83
411
971
1560
2104
2549
2845
2940
2782
2440
2035
1595
1144
708
314
29
-109
-130
-58
81
262
