                   00000602.B0l 1
                      g_glb.dat 	   0.00 	   0.00 	   0.00 	   0.00 	  16.43 	   6.93 	   9.00 	   0.50
                      g_dir.dat 	 158.00 	 -33.00 	  63.00
                     g_step.dat 	   0.00 	   0.00 	   0.00 	   0.00 	   3.74 	  93.00 	 127.00 	   7.00
                    max_min.dat	    3.80	    4.05	    3.38	    3.29	    3.35	    3.28	    3.20	    2.97	    2.53	    1.94	    1.15	    0.79	    0.70	    0.66	    0.68	    0.90	    1.61	    2.21	    2.51	    2.45	    2.00	    1.55	    1.25	    1.07	    0.93	    0.99	    1.10	    1.22	    1.35	    1.46	    1.59	    1.69	    1.69	    1.71	    1.73	    1.76	    1.79	    1.83	    1.86	    1.91	    1.97	    2.03	    2.10	    2.01	    1.92	    1.84	    1.76	    1.68	    1.63	    1.55	    1.47	    1.39	    1.30	    1.22	    1.15	    1.08	    1.02	    0.96	    0.93	    0.88	    0.84	    0.81	    0.86	    0.96
                    cor_max.dat 	  0.72 	  0.80 	  0.64 	  0.68 	  0.89 	  0.89 	  0.92 	  0.83  
                     correl.dat	    0.64	    0.69	    0.71	    0.73	    0.76	    0.78	    0.78	    0.78	    0.78	    0.76	    0.67	    0.52	    0.31	    0.25	    0.44	    0.66	    0.81	    0.84	    0.85	    0.85	    0.85	    0.81	    0.76	    0.71	    0.68	    0.66	    0.64	    0.61	    0.57	    0.53	    0.50	    0.47	    0.47	    0.46	    0.45	    0.44	    0.43	    0.42	    0.42	    0.41	    0.40	    0.39	    0.38	    0.37	    0.35	    0.33	    0.31	    0.28	    0.27	    0.23	    0.19	    0.13	   -0.08	   -0.17	   -0.23	   -0.28	   -0.32	   -0.36	   -0.38	   -0.41	   -0.43	   -0.46	   -0.49	   -0.52
               max_minValue.dat	    0.46	    0.37	    0.54	   -0.90	    1.69	    1.68	 2830.00	 -745.00	 2881.00	 -712.00	 2793.00	 -827.00	 2682.00	 -814.00	 2621.00	 -783.00	 2608.00	 -795.00	 2583.00	 -808.00	 2471.00	 -831.00	 2163.00	 -856.00	 1667.00	 -859.00	  992.00	 -862.00	  682.00	 -865.00	  604.00	 -865.00	  572.00	 -870.00	  597.00	 -873.00	  773.00	 -857.00	 1410.00	 -878.00	 2051.00	 -926.00	 2354.00	 -939.00	 2302.00	 -941.00	 1983.00	 -991.00	 1630.00	 -1052.00	 1370.00	 -1094.00	 1237.00	 -1157.00	 1165.00	 -1249.00	 1317.00	 -1326.00	 1518.00	 -1381.00	 1728.00	 -1414.00	 1930.00	 -1433.00	 2119.00	 -1453.00	 2350.00	 -1477.00	 2532.00	 -1497.00	 2532.00	 -1497.00	 2567.00	 -1502.00	 2592.00	 -1494.00	 2611.00	 -1482.00	 2619.00	 -1465.00	 2623.00	 -1437.00	 2623.00	 -1413.00	 2621.00	 -1374.00	 2614.00	 -1329.00	 2607.00	 -1285.00	 2586.00	 -1232.00	 2554.00	 -1270.00	 2511.00	 -1307.00	 2452.00	 -1333.00	 2379.00	 -1349.00	 2287.00	 -1358.00	 2219.00	 -1359.00	 2102.00	 -1357.00	 1973.00	 -1346.00	 1838.00	 -1327.00	 1692.00	 -1299.00	 1543.00	 -1263.00	 1394.00	 -1215.00	 1247.00	 -1155.00	 1101.00	 -1083.00	  963.00	 -999.00	  874.00	 -938.00	  742.00	 -840.00	  619.00	 -735.00	  505.00	 -623.00	  435.00	 -505.00	  365.00	 -381.00
                    cor_cor.dat 	  0.95 	  0.94 	  0.95 	  0.96 	  0.40 	  0.69 	  0.53 	 -0.68  
                  direction.dat	    0.25	    0.67	    0.67	    0.66	    0.65	    0.64	    0.63	    0.64	    0.64	    0.65	    0.65	    0.73	    0.75	    0.75	    0.71	    0.67	    0.62	    0.62	    0.62	    0.61	    0.59	    0.59	    0.58	    0.58	    0.56	    0.50	    0.50	    0.50	    0.51	    0.51	    0.50	    0.50	    0.50	    0.52	    0.55	    0.53	    0.55	    0.55	    0.55	    0.55	    0.57	    0.57	    0.57	   -0.39	   -0.39	   -0.37	   -0.39	   -0.39	   -0.39	   -0.39	   -0.39	   -0.39	   -0.39	   -0.39	   -0.39	   -0.38	   -0.38	   -0.38	   -0.38	   -0.36	   -0.35	   -0.35	   -0.35	   -0.32
                    cor_dir.dat 	 -0.51 	 -0.57 	 -0.49 	 -0.48 	 -0.28 	 -0.36 	  0.33 	 -0.43  
                 StepPoints.dat 	 0.22 	 0.59 	 0.52 	 0.41 	 0.53 	 0.52 	 0.64 	 0.53 	 0.53 	 0.59 	 0.61 	 0.48 	 0.62 	 0.61 	 0.58 	 0.48 	 0.53
                 PointsComp.dat 	 0.23
                dir_changes.dat	    0.00	    0.42	    0.00	   -0.01	   -0.01	   -0.01	   -0.01	    0.01	    0.00	    0.01	    0.00	    0.08	    0.02	    0.00	   -0.04	   -0.04	   -0.05	    0.00	    0.00	   -0.00	   -0.02	    0.00	   -0.01	    0.00	   -0.02	   -0.06	    0.00	    0.00	    0.01	    0.00	   -0.01	    0.00	    0.00	    0.02	    0.03	   -0.02	    0.02	    0.00	    0.00	    0.00	    0.03	    0.00	    0.00	   -0.96	    0.00	    0.02	   -0.02	    0.00	    0.00	    0.00	    0.00	    0.00	    0.00	    0.00	    0.00	    0.01	    0.00	    0.00	    0.00	    0.02	    0.01	    0.00	    0.01	    0.02
            cor_dir_changes.dat 	  0.82 	  0.83 	 -0.69 	  0.00 	  0.03 	  0.30 	 -0.01 	  0.09  
