D:\SOFTMAG\cryoton\averaged\00001206.000\00001206.R0l 
20 30
64 743
1586
1603
1663
1757
1873
2002
2132
2204
2232
2313
2547
3032
3867
5010
6234
7357
8197
8571
8297
7496
6475
5323
4133
2994
2000
1391
1291
1608
2250
3127
4148
1816
1834
1894
1986
2096
2213
2323
2432
2500
2623
2896
3416
4277
5396
6594
7705
8563
9002
8856
8260
7443
6490
5482
4503
3635
2943
2694
2805
3194
3777
4472
2017
2033
2091
2178
2279
2382
2471
2601
2694
2844
3142
3681
4554
5646
6815
7910
8783
9284
9264
8868
8252
7493
6664
5840
5095
4346
3974
3907
4068
4384
4779
2139
2154
2212
2296
2391
2482
2552
2685
2786
2944
3250
3791
4659
5720
6856
7932
8817
9377
9479
9269
8841
8262
7598
6916
6282
5515
5063
4857
4832
4921
5058
2130
2152
2217
2305
2400
2485
2543
2658
2746
2893
3184
3707
4548
5576
6676
7730
8623
9239
9461
9414
9150
8728
8206
7642
7095
6368
5890
5602
5447
5366
5301
1940
1981
2063
2167
2274
2365
2421
2496
2546
2657
2911
3392
4182
5174
6234
7263
8162
8830
9168
9251
9119
8821
8408
7930
7436
6820
6387
6088
5873
5693
5496
1520
1595
1711
1846
1981
2094
2165
2171
2158
2206
2395
2806
3520
4471
5489
6490
7391
8109
8561
8730
8687
8471
8124
7689
7206
6786
6484
6260
6072
5877
5636
925
1107
1318
1527
1702
1813
1829
1753
1648
1603
1706
2044
2705
3604
4600
5603
6526
7280
7779
7955
7920
7718
7392
6987
6546
6200
5994
5885
5829
5781
5698
288
582
893
1180
1401
1515
1480
1320
1122
982
996
1258
1865
2708
3678
4679
5620
6408
6949
7113
7068
6859
6535
6140
5722
5468
5375
5399
5493
5610
5703
-328
71
475
833
1092
1202
1110
853
551
304
218
393
934
1718
2657
3654
4610
5427
6007
6165
6115
5907
5590
5212
4823
4671
4703
4871
5126
5418
5699
-860
-375
103
512
791
878
710
336
-92
-466
-675
-608
-154
567
1474
2462
3430
4274
4891
5073
5050
4873
4594
4265
3935
3891
4053
4370
4790
5263
5737
-1245
-705
-183
246
514
546
271
-250
-837
-1370
-1731
-1803
-1468
-810
61
1040
2018
2886
3538
3800
3860
3770
3586
3360
3147
3208
3498
3962
4548
5199
5864
-1421
-868
-346
62
275
211
-214
-925
-1710
-2442
-2997
-3250
-3074
-2482
-1646
-678
307
1199
1884
2308
2531
2610
2601
2560
2545
2704
3114
3718
4460
5283
6132
-1391
-890
-423
-80
47
-130
-704
-1642
-2647
-3596
-4362
-4821
-4847
-4372
-3631
-2720
-1736
-774
68
729
1202
1535
1776
1974
2175
2572
3164
3903
4743
5634
6530
-1227
-791
-391
-127
-97
-401
-1136
-2296
-3518
-4679
-5652
-6314
-6539
-6179
-5533
-4679
-3697
-2665
-1661
-747
-7
597
1106
1560
1997
2602
3349
4196
5106
6038
6953
-968
-597
-266
-82
-152
-583
-1482
-2843
-4263
-5615
-6776
-7621
-8025
-7785
-7238
-6446
-5471
-4373
-3214
-2052
-1050
-178
593
1297
1963
2743
3608
4527
5471
6408
7307
-649
-335
-64
47
-113
-662
-1715
-3242
-4822
-6330
-7642
-8633
-9180
-9070
-8633
-7912
-6953
-5799
-4495
-3113
-1878
-769
237
1162
2029
2939
3878
4826
5760
6658
7498
-309
-32
198
259
27
-621
-1808
-3448
-5136
-6748
-8158
-9243
-9879
-9915
-9602
-8967
-8039
-6844
-5410
-3861
-2445
-1149
38
1134
2150
3137
4099
5023
5895
6702
7429
16
285
506
545
272
-443
-1735
-3420
-5147
-6792
-8232
-9343
-10000
-10200
-10031
-9503
-8626
-7411
-5867
-4224
-2702
-1296
0
1189
2280
3283
4208
5048
5798
6453
7008
264
506
697
713
430
-274
-1525
-3154
-4827
-6428
-7839
-8943
-9624
-9830
-9691
-9218
-8422
-7313
-5901
-4253
-2723
-1305
4
1211
2322
3193
3987
4700
5326
5861
6299
413
657
848
871
608
-55
-1236
-2774
-4359
-5880
-7228
-8292
-8963
-9173
-9063
-8645
-7929
-6926
-5645
-4063
-2596
-1238
14
1168
2228
2967
3633
4221
4726
5143
5466
480
751
967
1021
803
205
-881
-2302
-3772
-5187
-6445
-7442
-8077
-8288
-8205
-7838
-7199
-6298
-5147
-3690
-2345
-1107
29
1070
2021
2634
3178
3647
4037
4342
4556
484
801
1061
1165
1011
499
-473
-1759
-3096
-4387
-5536
-6449
-7028
-7235
-7172
-6852
-6284
-5481
-4452
-3168
-1993
-922
49
929
1722
2219
2651
3012
3297
3500
3615
445
821
1139
1308
1232
818
-26
-1167
-2360
-3517
-4548
-5366
-5880
-6074
-6024
-5741
-5237
-4522
-3607
-2533
-1565
-698
74
756
1355
1751
2085
2352
2546
2661
2692
380
824
1209
1450
1460
1154
446
-547
-1594
-2615
-3526
-4246
-4694
-4864
-4816
-4560
-4108
-3471
-2661
-1820
-1083
-444
102
562
942
1255
1510
1701
1822
1868
1834
338
874
1348
1674
1766
1540
908
18
-939
-1873
-2693
-3311
-3635
-3755
-3654
-3367
-2929
-2374
-1736
-1107
-601
-200
112
355
543
667
805
941
1058
1139
1166
346
961
1511
1909
2070
1910
1343
525
-372
-1250
-2010
-2556
-2788
-2835
-2661
-2322
-1877
-1383
-897
-458
-160
24
125
171
190
158
215
331
479
629
753
384
1071
1688
2151
2375
2274
1764
995
135
-708
-1431
-1927
-2089
-2046
-1780
-1371
-900
-449
-96
162
261
240
140
0
-139
-296
-291
-163
45
295
546
434
1191
1874
2399
2682
2639
2184
1450
614
-210
-910
-1370
-1477
-1328
-954
-459
52
478
712
791
690
461
157
-170
-470
-725
-744
-579
-282
94
499
477
1306
2059
2650
2996
3012
2616
1911
1092
280
-401
-832
-889
-621
-125
468
1035
1447
1577
1462
1148
699
178
-350
-823
-1154
-1176
-951
-543
-17
564
495
1405
2235
2901
3318
3404
3074
2401
1601
804
141
-258
-264
134
761
1466
2098
2508
2545
2210
1659
964
202
-551
-1223
-1611
-1616
-1313
-777
-82
694
