                   00001206.B0l 1
                      g_glb.dat 	   0.86 	   0.00 	   0.21 	   0.43 	   6.07 	   4.14 	   0.71 	   1.21
                      g_dir.dat 	   0.00 	   0.00 	   0.00
                     g_step.dat 	   0.43 	   0.00 	   3.00 	   4.00 	   2.57 	  52.00 	  10.00 	  22.00
                    max_min.dat	    0.63	    0.73	    0.77	    0.81	    0.84	    0.86	    0.84	    0.82	    0.79	    0.79	    0.82	    0.91	    1.02	    1.20	    1.40	    1.57	    1.67	    1.72	    1.71	    1.66	    1.56	    1.48	    1.44	    1.43	    1.45	    1.46	    1.47	    1.45	    1.41	    1.35	    1.25	    1.10	    1.10	    1.04	    0.97	    0.92	    0.88	    0.84	    0.79	    0.76	    0.74	    0.71	    0.69	    0.67	    0.66	    0.65	    0.65	    0.64	    0.64	    0.66	    0.69	    0.72	    0.77	    0.81	    0.88	    0.92	    0.95	    0.98	    1.00	    1.01	    1.01	    0.99	    0.92	    0.86
                    cor_max.dat 	  0.64 	  0.52 	  0.79 	  0.80 	  0.75 	  0.79 	  0.66 	  0.81  
                     correl.dat	    0.14	    0.52	    0.57	    0.57	    0.55	    0.52	    0.49	    0.47	    0.46	    0.47	    0.52	    0.61	    0.69	    0.75	    0.77	    0.77	    0.77	    0.75	    0.72	    0.69	    0.67	    0.68	    0.71	    0.74	    0.78	    0.81	    0.83	    0.85	    0.86	    0.86	    0.85	    0.83	    0.83	    0.82	    0.81	    0.81	    0.80	    0.80	    0.79	    0.78	    0.78	    0.78	    0.78	    0.78	    0.78	    0.79	    0.79	    0.80	    0.80	    0.81	    0.81	    0.81	    0.81	    0.81	    0.80	    0.79	    0.78	    0.77	    0.75	    0.74	    0.73	    0.71	    0.67	    0.64
               max_minValue.dat	   -0.02	    0.65	   -0.54	    1.57	    1.10	   -0.64	  347.00	 -554.00	  504.00	 -692.00	  578.00	 -751.00	  622.00	 -771.00	  674.00	 -798.00	  721.00	 -841.00	  757.00	 -900.00	  782.00	 -958.00	  812.00	 -1024.00	  850.00	 -1080.00	  913.00	 -1111.00	 1010.00	 -1109.00	 1117.00	 -1090.00	 1268.00	 -1055.00	 1437.00	 -1028.00	 1612.00	 -1025.00	 1753.00	 -1048.00	 1920.00	 -1115.00	 2083.00	 -1219.00	 2256.00	 -1356.00	 2422.00	 -1555.00	 2669.00	 -1809.00	 2973.00	 -2069.00	 3324.00	 -2321.00	 3700.00	 -2556.00	 4002.00	 -2741.00	 4318.00	 -2942.00	 4536.00	 -3122.00	 4628.00	 -3289.00	 4593.00	 -3411.00	 4424.00	 -3536.00	 4143.00	 -3771.00	 4143.00	 -3771.00	 4031.00	 -3866.00	 3851.00	 -3988.00	 3723.00	 -4051.00	 3595.00	 -4096.00	 3459.00	 -4122.00	 3255.00	 -4123.00	 3114.00	 -4093.00	 2977.00	 -4043.00	 2835.00	 -3969.00	 2624.00	 -3820.00	 2485.00	 -3693.00	 2347.00	 -3546.00	 2211.00	 -3384.00	 2008.00	 -3112.00	 1876.00	 -2921.00	 1754.00	 -2722.00	 1662.00	 -2521.00	 1529.00	 -2220.00	 1455.00	 -2025.00	 1408.00	 -1838.00	 1353.00	 -1663.00	 1253.00	 -1421.00	 1177.00	 -1280.00	 1098.00	 -1151.00	 1012.00	 -1037.00	  896.00	 -896.00	  827.00	 -818.00	  756.00	 -752.00	  688.00	 -697.00	  585.00	 -637.00	  518.00	 -605.00
                    cor_cor.dat 	  0.77 	  0.77 	  0.80 	  0.74 	  0.95 	  0.94 	  0.94 	  0.97  
                  direction.dat	   -0.25	   -0.25	   -0.25	   -0.25	   -0.25	   -0.25	   -0.25	   -0.23	   -0.23	   -0.23	   -0.23	   -0.25	   -0.25	   -0.25	   -0.25	   -0.25	   -0.25	   -0.20	   -0.20	   -0.20	   -0.13	   -0.13	   -0.13	   -0.14	   -0.14	   -0.12	   -0.12	   -0.12	   -0.10	   -0.10	   -0.09	   -0.08	   -0.08	   -0.07	   -0.07	   -0.05	   -0.05	   -0.05	   -0.05	   -0.05	   -0.03	   -0.03	   -0.03	   -0.03	   -0.05	   -0.03	   -0.03	   -0.03	   -0.23	   -0.23	   -0.23	   -0.23	   -0.23	   -0.23	   -0.23	   -0.23	   -0.23	    0.08	    0.11	    0.11	    0.11	    0.10	    0.12	    0.12
                    cor_dir.dat 	  0.78 	  0.78 	  0.78 	  0.80 	  0.50 	  0.86 	  0.50 	  0.46  
                 StepPoints.dat 	 0.19 	 0.50 	 0.52 	 0.53 	 0.50 	 0.50 	 0.44 	 0.50 	 0.59 	 0.48 	 0.53 	 0.47 	 0.55 	 0.45 	 0.50 	 0.53 	 0.52
                 PointsComp.dat 	 0.14
                dir_changes.dat	    0.00	    0.00	    0.00	    0.00	    0.00	    0.00	    0.00	    0.02	    0.00	    0.00	    0.00	   -0.02	    0.00	    0.00	    0.00	    0.00	    0.00	    0.05	    0.00	    0.00	    0.07	    0.00	    0.00	   -0.01	    0.00	    0.02	    0.00	    0.00	    0.02	    0.00	    0.01	    0.02	    0.00	    0.01	    0.00	    0.02	    0.00	    0.00	    0.00	    0.00	    0.02	    0.00	    0.00	    0.00	   -0.02	    0.02	    0.00	    0.00	   -0.20	    0.00	    0.00	    0.00	    0.00	    0.00	   -0.00	    0.00	    0.00	    0.31	    0.03	    0.00	    0.00	   -0.01	    0.02	    0.00
            cor_dir_changes.dat 	  0.00 	  0.00 	  0.00 	  0.00 	 -0.04 	  0.33 	 -0.06 	 -0.05  
