D:\SOFTMAG\cryoton\averaged\00000802.000\00000802.R0l 
20 30
64 1090
-2511
-3222
-3870
-4397
-4746
-4859
-4681
-4255
-3729
-3196
-2750
-2486
-2496
-2783
-3215
-3682
-4072
-4276
-4183
-3797
-3237
-2557
-1813
-1059
-351
163
411
448
328
107
-160
-1666
-2342
-2977
-3519
-3919
-4127
-4091
-3830
-3483
-3144
-2909
-2873
-3130
-3588
-4171
-4774
-5290
-5615
-5644
-5440
-5032
-4473
-3817
-3115
-2420
-1701
-1199
-862
-637
-473
-316
-882
-1512
-2122
-2669
-3108
-3398
-3494
-3379
-3191
-3027
-2984
-3156
-3642
-4251
-4964
-5682
-6304
-6730
-6861
-6831
-6569
-6126
-5551
-4895
-4208
-3319
-2600
-1999
-1467
-953
-408
-173
-733
-1294
-1821
-2277
-2624
-2828
-2836
-2785
-2773
-2898
-3257
-3949
-4707
-5550
-6382
-7110
-7637
-7868
-7995
-7862
-7516
-7006
-6378
-5680
-4667
-3775
-2954
-2159
-1341
-452
444
-7
-483
-953
-1387
-1756
-2030
-2135
-2194
-2308
-2575
-3094
-3965
-4893
-5885
-6852
-7704
-8351
-8703
-8957
-8923
-8646
-8170
-7541
-6803
-5720
-4707
-3720
-2714
-1645
-467
957
663
322
-40
-403
-743
-1038
-1210
-1350
-1560
-1939
-2589
-3609
-4746
-5926
-7067
-8082
-8889
-9402
-9742
-9766
-9516
-9034
-8363
-7544
-6451
-5380
-4288
-3134
-1874
-467
1351
1276
1134
940
711
462
210
4
-183
-455
-913
-1660
-2797
-4201
-5630
-7003
-8242
-9267
-10000
-10374
-10403
-10128
-9588
-8821
-7870
-6837
-5777
-4651
-3417
-2037
-472
1648
1836
1928
1938
1880
1769
1620
1447
1279
999
492
-356
-1665
-3391
-5156
-6858
-8397
-9674
-10587
-10918
-10872
-10502
-9855
-8984
-7937
-6804
-5696
-4563
-3355
-2022
-514
1890
2349
2683
2904
3026
3062
3024
2900
2767
2497
1958
1022
-441
-2492
-4595
-6628
-8470
-10000
-11097
-11372
-11240
-10762
-9999
-9010
-7857
-6648
-5517
-4403
-3246
-1985
-560
2085
2813
3388
3820
4120
4301
4373
4314
4232
3986
3431
2423
820
-1514
-3914
-6237
-8342
-10085
-11325
-11550
-11338
-10758
-9883
-8783
-7529
-6272
-5145
-4079
-3000
-1839
-525
2244
3230
4034
4665
5133
5447
5618
5638
5623
5416
4860
3796
2068
-467
-3082
-5612
-7896
-9769
-11069
-11267
-10996
-10337
-9371
-8182
-6849
-5575
-4484
-3495
-2526
-1496
-323
2376
3599
4611
5420
6034
6461
6710
6824
6890
6737
6194
5088
3250
639
-2064
-4677
-7015
-8893
-10127
-10337
-10045
-9345
-8329
-7089
-5716
-4458
-3436
-2559
-1733
-866
131
2491
3919
5108
6064
6794
7303
7599
7821
7982
7897
7381
6248
4314
1795
-830
-3357
-5580
-7295
-8297
-8572
-8317
-7632
-6620
-5385
-4028
-2822
-1906
-1175
-529
136
924
2602
4120
5415
6483
7318
7918
8277
8434
8520
8388
7886
6866
5179
2963
673
-1519
-3447
-4939
-5825
-6005
-5745
-5131
-4247
-3178
-2009
-1033
-297
284
796
1324
1951
2713
4289
5658
6805
7714
8372
8763
8849
8856
8671
8179
7267
5821
3973
2083
287
-1279
-2484
-3192
-3304
-3070
-2556
-1829
-956
-5
749
1314
1756
2142
2539
3015
2817
4418
5827
7020
7970
8653
9043
9061
8991
8756
8276
7475
6274
4827
3373
2010
838
-44
-538
-602
-411
-14
536
1195
1910
2456
2861
3174
3444
3722
4057
2907
4498
5914
7118
8075
8749
9103
9064
8927
8652
8195
7514
6567
5529
4516
3593
2822
2268
1994
1972
2112
2384
2754
3191
3663
4013
4272
4470
4639
4812
5021
2977
4523
5910
7091
8019
8649
8933
8853
8667
8368
7951
7408
6734
6081
5487
4980
4588
4339
4263
4287
4382
4532
4725
4945
5179
5350
5479
5579
5664
5749
5847
3018
4483
5805
6927
7791
8340
8518
8422
8211
7915
7562
7182
6805
6486
6259
6117
6052
6057
6127
6213
6277
6322
6353
6372
6383
6395
6413
6435
6455
6471
6479
3023
4335
5520
6526
7305
7806
7979
7958
7834
7632
7380
7104
6829
6759
6766
6844
6985
7182
7428
7441
7428
7394
7343
7277
7201
7144
7091
7039
6982
6919
6845
2994
4160
5214
6113
6814
7274
7450
7498
7453
7340
7182
7003
6826
6912
7062
7268
7524
7821
8152
8123
8066
7985
7884
7766
7634
7527
7420
7312
7197
7073
6936
2932
3960
4892
5692
6323
6750
6937
7044
7069
7035
6961
6869
6779
6945
7160
7418
7710
8030
8370
8326
8251
8149
8024
7880
7720
7578
7435
7288
7132
6963
6779
2842
3741
4559
5268
5838
6240
6446
6598
6680
6710
6707
6688
6672
6855
7073
7320
7587
7867
8152
8114
8042
7940
7813
7663
7495
7334
7170
6999
6817
6619
6404
2727
3506
4219
4846
5364
5751
5985
6164
6285
6363
6413
6450
6490
6642
6815
7002
7195
7387
7570
7552
7498
7412
7297
7157
6997
6831
6660
6479
6284
6072
5838
2591
3258
3877
4431
4906
5287
5560
5745
5884
5988
6069
6141
6217
6303
6397
6491
6577
6647
6695
6707
6681
6619
6527
6406
6263
6105
5939
5760
5566
5351
5113
2442
3105
3709
4238
4672
4994
5186
5383
5529
5635
5709
5764
5809
5772
5748
5734
5727
5721
5714
5717
5695
5649
5582
5496
5392
5241
5080
4908
4722
4521
4303
2286
2955
3558
4072
4476
4751
4874
5046
5164
5235
5267
5269
5248
5110
4993
4896
4819
4762
4724
4704
4673
4630
4576
4511
4434
4297
4148
3989
3820
3640
3448
2118
2806
3417
3927
4313
4551
4616
4732
4789
4793
4750
4666
4547
4319
4117
3947
3811
3712
3653
3604
3556
3509
3460
3409
3353
3237
3109
2972
2827
2676
2520
1937
2652
3282
3800
4178
4389
4407
4437
4405
4314
4167
3969
3724
3400
3110
2861
2660
2515
2431
2350
2284
2231
2187
2147
2110
2025
1928
1822
1711
1599
1488
1737
2491
3150
3684
4064
4259
4240
4160
4013
3802
3527
3190
2793
2355
1957
1610
1326
1114
985
877
798
743
706
683
668
626
571
507
442
379
325
1516
2317
3015
3576
3967
4155
4108
3896
3615
3262
2838
2341
1772
1184
645
167
-234
-545
-753
-879
-962
-1010
-1029
-1026
-1009
-996
-997
-1005
-1012
-1013
-999
