                   00000802.B0l 1
                      g_glb.dat 	  21.21 	   9.71 	   4.36 	   7.07 	   5.00 	   2.36 	   1.07 	   1.57
                      g_dir.dat 	   8.00 	 -231.00 	  62.00
                     g_step.dat 	   6.26 	 133.00 	  63.00 	  89.00 	   4.12 	  26.00 	  15.00 	  22.00
                    max_min.dat	    0.83	    0.79	    0.82	    0.87	    0.90	    0.94	    0.98	    1.03	    0.99	    0.73	    0.78	    0.87	    0.89	    0.93	    0.84	    1.61	    2.61	    2.92	    1.72	    1.05	    0.97	    1.26	    2.73	    2.80	    1.73	    0.93	    0.84	    0.83	    0.86	    0.90	    0.89	    0.92	    0.92	    0.91	    0.89	    0.85	    0.80	    0.77	    0.76	    0.75	    0.75	    0.75	    0.75	    0.75	    0.76	    0.77	    0.78	    0.79	    0.81	    0.83	    0.84	    0.86	    0.87	    0.87	    0.87	    0.87	    0.86	    0.86	    0.88	    0.90	    0.90	    0.89	    0.87	    0.85
                    cor_max.dat 	  0.69 	  0.57 	  0.82 	  0.86 	  0.75 	  0.76 	  0.72 	  0.79  
                     correl.dat	    0.56	    0.61	    0.67	    0.71	    0.74	    0.73	    0.64	    0.51	    0.46	    0.53	    0.66	    0.70	    0.69	    0.64	    0.49	   -0.17	   -0.43	   -0.50	   -0.52	   -0.50	   -0.50	   -0.56	   -0.60	   -0.46	    0.11	    0.53	    0.71	    0.78	    0.79	    0.76	    0.71	    0.68	    0.68	    0.68	    0.68	    0.69	    0.70	    0.71	    0.74	    0.75	    0.77	    0.78	    0.79	    0.80	    0.81	    0.81	    0.81	    0.81	    0.81	    0.80	    0.80	    0.79	    0.78	    0.77	    0.76	    0.75	    0.74	    0.73	    0.72	    0.72	    0.71	    0.70	    0.69	    0.68
               max_minValue.dat	   -0.68	   -0.44	   -0.82	    1.61	   -0.92	   -0.79	 1721.00	 -2081.00	 1763.00	 -2238.00	 1832.00	 -2234.00	 1837.00	 -2105.00	 1770.00	 -1962.00	 1691.00	 -1795.00	 1661.00	 -1690.00	 1773.00	 -1718.00	 1845.00	 -1862.00	 1431.00	 -1948.00	 1478.00	 -1894.00	 1513.00	 -1733.00	 1351.00	 -1515.00	 1079.00	 -1162.00	  915.00	 -1083.00	 1544.00	 -958.00	 2287.00	 -876.00	 2521.00	 -864.00	 2301.00	 -1335.00	 2126.00	 -2018.00	 1909.00	 -1972.00	 1597.00	 -1272.00	 1226.00	 -449.00	 1218.00	 -435.00	 1266.00	 -733.00	 1025.00	 -1101.00	 1304.00	 -1559.00	 1606.00	 -1943.00	 1826.00	 -2132.00	 2038.00	 -2268.00	 2135.00	 -2391.00	 2265.00	 -2471.00	 2265.00	 -2471.00	 2263.00	 -2487.00	 2224.00	 -2503.00	 2146.00	 -2525.00	 2035.00	 -2534.00	 1950.00	 -2545.00	 1940.00	 -2550.00	 1921.00	 -2567.00	 1921.00	 -2574.00	 1940.00	 -2580.00	 1941.00	 -2590.00	 1964.00	 -2605.00	 1992.00	 -2614.00	 2024.00	 -2628.00	 2063.00	 -2629.00	 2086.00	 -2629.00	 2120.00	 -2611.00	 2138.00	 -2574.00	 2138.00	 -2540.00	 2127.00	 -2485.00	 2113.00	 -2422.00	 2086.00	 -2392.00	 2054.00	 -2363.00	 2019.00	 -2325.00	 1963.00	 -2273.00	 1914.00	 -2216.00	 1853.00	 -2113.00	 1820.00	 -2027.00	 1776.00	 -1969.00	 1748.00	 -1959.00	 1713.00	 -1973.00	 1696.00	 -1991.00
                    cor_cor.dat 	  0.87 	  0.92 	  0.93 	  0.79 	  0.92 	  0.88 	  0.94 	  0.95  
                  direction.dat	   -0.82	   -0.75	   -0.75	   -0.77	   -0.77	   -0.77	   -0.77	   -0.61	   -0.61	   -0.75	   -0.75	   -0.75	   -0.75	   -0.75	   -0.43	   -0.42	   -0.42	   -0.41	    0.33	    0.38	    0.34	    0.34	   -0.42	   -0.25	    0.06	   -0.75	   -0.77	    0.97	    0.97	    0.97	    0.97	   -0.62	   -0.62	   -0.62	   -0.62	   -0.62	   -0.62	   -0.62	    0.96	    0.96	    0.96	    0.96	    0.96	    0.94	    0.94	    0.94	    0.96	    0.96	    0.99	    0.97	    0.99	    0.98	    0.98	    0.98	    0.98	    0.96	    0.96	    0.95	    0.95	    0.95	    0.96	    0.97	    0.94	    0.93
                    cor_dir.dat 	  0.51 	  0.61 	  0.44 	  0.46 	  0.11 	  0.05 	 -0.25 	  0.30  
                 StepPoints.dat 	 0.43 	 0.44 	 0.48 	 0.50 	 0.52 	 0.53 	 0.44 	 0.55 	 0.48 	 0.52 	 0.52 	 0.53 	 0.53 	 0.59 	 0.55 	 0.47 	 0.45
                 PointsComp.dat 	 0.47
                dir_changes.dat	    0.00	    0.07	    0.00	   -0.02	    0.00	    0.00	    0.00	    0.16	    0.00	   -0.14	    0.00	    0.00	    0.00	    0.00	    0.32	    0.02	    0.00	    0.01	    0.74	    0.05	   -0.03	    0.00	   -0.76	    0.17	    0.31	   -0.81	   -0.02	    1.75	    0.00	    0.00	    0.00	   -1.59	    0.00	    0.00	    0.00	    0.00	    0.00	    0.00	    1.58	    0.00	    0.00	    0.00	    0.00	   -0.02	    0.00	    0.00	    0.02	    0.00	    0.03	   -0.01	    0.01	   -0.01	    0.00	    0.00	    0.00	   -0.01	    0.00	   -0.01	    0.00	    0.00	    0.01	    0.01	   -0.03	   -0.02
            cor_dir_changes.dat 	  0.40 	  0.50 	 -0.76 	 -0.00 	 -0.05 	 -0.05 	  0.00 	  0.07  
