C:\mcg1204\averaged\00004302.000\00004302.r0l 
20 30
64 848
71
1207
2256
3101
3627
3716
3255
2321
1212
129
-719
-1130
-899
-23
1190
2485
3606
4296
4298
3651
2650
1425
102
-1188
-2320
-2950
-2908
-2321
-1319
-29
1420
695
1700
2632
3392
3881
3998
3646
2944
2086
1254
631
401
746
1596
2733
3927
4950
5572
5563
4960
4028
2880
1633
400
-703
-1422
-1552
-1209
-508
437
1513
1201
2072
2884
3556
4004
4147
3901
3416
2794
2198
1787
1723
2166
2996
4063
5164
6096
6656
6643
6092
5234
4172
3007
1840
771
-12
-292
-169
255
880
1604
1584
2321
3016
3601
4012
4181
4043
3756
3353
2973
2755
2838
3362
4179
5182
6194
7041
7546
7534
7039
6263
5292
4214
3117
2090
1265
861
788
961
1290
1689
1839
2449
3032
3538
3916
4119
4096
3984
3777
3592
3545
3753
4334
5143
6086
7016
7782
8237
8231
7797
7105
6229
5242
4221
3238
2399
1896
1655
1601
1661
1759
1959
2455
2937
3374
3733
3980
4083
4121
4083
4066
4164
4471
5083
5888
6776
7627
8317
8725
8730
8359
7754
6974
6081
5137
4200
3374
2800
2418
2166
1984
1810
1942
2338
2736
3120
3475
3782
4028
4184
4287
4408
4621
4997
5611
6415
7251
8026
8643
9009
9028
8720
8201
7519
6720
5853
4964
4179
3563
3068
2647
2251
1834
1860
2244
2636
3025
3401
3753
4070
4301
4488
4695
4982
5414
6053
6799
7561
8261
8818
9156
9194
8944
8499
7898
7180
6386
5554
4764
4093
3503
2954
2406
1821
1742
2131
2535
2947
3362
3776
4182
4465
4716
4986
5328
5793
6436
7117
7797
8413
8903
9203
9253
9056
8680
8156
7516
6791
6011
5233
4526
3859
3201
2520
1785
1511
1898
2305
2732
3179
3646
4134
4459
4762
5085
5469
5958
6593
7216
7821
8361
8791
9063
9131
8997
8699
8261
7707
7059
6341
5597
4876
4155
3409
2617
1755
1090
1441
1819
2227
2673
3161
3697
4063
4417
4792
5220
5731
6357
6946
7499
7986
8379
8645
8755
8704
8507
8177
7731
7183
6548
5865
5156
4406
3599
2722
1758
402
659
948
1280
1665
2115
2641
3058
3474
3912
4391
4935
5564
6155
6695
7168
7561
7860
8050
8119
8056
7870
7567
7154
6639
6045
5378
4629
3791
2858
1823
-629
-549
-433
-262
-21
306
737
1225
1724
2244
2797
3394
4046
4694
5273
5785
6233
6618
6942
7178
7300
7306
7195
6966
6618
6148
5556
4841
4006
3051
1978
-1895
-2112
-2271
-2351
-2330
-2186
-1896
-1340
-753
-130
529
1231
1978
2717
3381
3984
4543
5074
5592
6022
6355
6583
6698
6691
6556
6209
5701
5040
4234
3291
2219
-3183
-3723
-4188
-4548
-4775
-4842
-4721
-4086
-3398
-2661
-1879
-1059
-205
640
1403
2112
2798
3491
4219
4844
5389
5840
6182
6400
6479
6261
5845
5245
4476
3552
2490
-4410
-5250
-5995
-6611
-7063
-7318
-7342
-6644
-5871
-5036
-4151
-3230
-2285
-1352
-510
285
1078
1912
2831
3639
4386
5049
5608
6039
6321
6242
5927
5396
4673
3778
2734
-5494
-6558
-7507
-8301
-8901
-9267
-9360
-8646
-7835
-6949
-6007
-5030
-4041
-3076
-2210
-1384
-539
380
1434
2403
3328
4181
4933
5555
6017
6088
5885
5435
4768
3913
2899
-6353
-7512
-8536
-9380
-9998
-10346
-10378
-9724
-8952
-8089
-7166
-6211
-5253
-4347
-3547
-2781
-1975
-1059
39
1133
2201
3209
4118
4895
5502
5736
5657
5301
4703
3900
2928
-6906
-7977
-8894
-9606
-10061
-10210
-10000
-9511
-8882
-8149
-7350
-6522
-5701
-4980
-4373
-3791
-3151
-2365
-1348
-175
988
2102
3123
4007
4712
5122
5182
4934
4420
3684
2769
-7141
-7682
-8137
-8473
-8661
-8667
-8460
-8059
-7565
-7017
-6453
-5914
-5437
-5052
-4752
-4447
-4046
-3457
-2592
-1449
-280
869
1953
2928
3748
4223
4362
4210
3811
3212
2458
-7132
-7095
-7040
-6955
-6827
-6644
-6394
-6096
-5751
-5402
-5088
-4852
-4734
-4713
-4750
-4749
-4615
-4253
-3568
-2500
-1372
-232
871
1891
2780
3311
3520
3454
3163
2692
2091
-6919
-6283
-5698
-5171
-4707
-4314
-3999
-3804
-3609
-3458
-3395
-3461
-3702
-4055
-4440
-4754
-4899
-4775
-4281
-3326
-2278
-1187
-104
921
1840
2417
2686
2699
2504
2152
1693
-6543
-5314
-4205
-3240
-2446
-1849
-1476
-1368
-1307
-1340
-1511
-1866
-2451
-3172
-3897
-4520
-4936
-5042
-4733
-3925
-2990
-1982
-953
45
961
1573
1892
1971
1863
1620
1293
-6045
-4255
-2653
-1283
-191
577
978
1028
984
797
421
-192
-1090
-2155
-3196
-4103
-4767
-5079
-4929
-4295
-3501
-2603
-1654
-710
175
810
1168
1303
1270
1123
917
-5467
-3174
-1136
580
1912
2795
3165
3201
3097
2801
2263
1436
269
-1097
-2411
-3560
-4430
-4905
-4874
-4434
-3802
-3034
-2187
-1318
-485
162
546
724
753
690
593
-4916
-2637
-575
1222
2708
3835
4553
4480
4289
3930
3351
2503
1334
-45
-1399
-2628
-3634
-4316
-4577
-4252
-3748
-3115
-2401
-1657
-932
-333
47
261
357
384
393
-4448
-2348
-423
1292
2769
3975
4880
4800
4626
4307
3791
3025
1958
678
-602
-1799
-2828
-3605
-4045
-3831
-3452
-2950
-2366
-1744
-1124
-589
-226
7
153
255
353
-4023
-2237
-587
909
2240
3389
4342
4344
4277
4087
3722
3128
2252
1166
53
-1016
-1973
-2748
-3273
-3173
-2921
-2553
-2102
-1604
-1092
-637
-307
-68
113
274
447
-3598
-2237
-974
193
1266
2248
3139
3297
3410
3424
3284
2936
2325
1510
643
-221
-1029
-1726
-2257
-2280
-2165
-1939
-1630
-1264
-870
-507
-225
4
207
413
648
-3134
-2283
-1489
-736
-4
725
1470
1843
2196
2472
2617
2573
2286
1804
1242
642
43
-515
-994
-1154
-1190
-1122
-969
-751
-489
-233
-11
195
407
644
927
-2589
-2305
-2040
-1759
-1426
-1007
-467
166
803
1386
1859
2165
2248
2138
1924
1631
1283
904
521
202
-6
-116
-141
-92
17
154
302
475
683
940
1258
