                   00004302.B0l 1
                      g_glb.dat 	  12.50 	   2.93 	   3.86 	   5.71 	   2.43 	   1.50 	   0.43 	   0.50
                      g_dir.dat 	   0.00 	 -16.00 	  13.00
                     g_step.dat 	   3.91 	  47.00 	  61.00 	  56.00 	   2.17 	  19.00 	   6.00 	   7.00
                    max_min.dat	    1.47	    1.77	    2.00	    1.83	    1.42	    1.13	    0.56	    0.40	    0.48	    0.60	    0.88	    1.27	    1.63	    1.66	    1.33	    1.04	    0.91	    0.77	    0.87	    1.08	    1.31	    1.40	    1.16	    1.09	    0.88	    0.82	    0.86	    1.00	    1.14	    1.18	    1.19	    1.15	    1.15	    1.12	    1.10	    1.07	    1.05	    1.01	    0.96	    0.94	    0.89	    0.84	    0.82	    0.78	    0.76	    0.73	    0.70	    0.69	    0.68	    0.67	    0.67	    0.68	    0.69	    0.72	    0.74	    0.79	    0.86	    0.91	    1.02	    0.99	    0.98	    0.96	    0.94	    0.90
                    cor_max.dat 	  0.79 	  0.78 	  0.92 	  0.64 	  0.77 	  0.84 	  0.68 	  0.79  
                     correl.dat	    0.03	   -0.13	   -0.21	    0.15	    0.36	    0.45	    0.44	    0.23	   -0.08	    0.12	    0.18	    0.14	    0.12	    0.16	    0.21	    0.23	    0.12	    0.06	    0.16	    0.24	    0.27	    0.30	    0.36	    0.45	    0.57	    0.66	    0.69	    0.69	    0.71	    0.71	    0.72	    0.73	    0.73	    0.73	    0.74	    0.74	    0.75	    0.76	    0.77	    0.78	    0.80	    0.81	    0.82	    0.83	    0.83	    0.83	    0.82	    0.82	    0.81	    0.81	    0.80	    0.80	    0.79	    0.78	    0.78	    0.76	    0.74	    0.73	    0.69	    0.67	    0.66	    0.63	    0.61	    0.58
               max_minValue.dat	   -0.09	    0.30	   -0.37	    1.04	    1.15	   -0.69	  779.00	 -529.00	  909.00	 -515.00	 1011.00	 -506.00	 1061.00	 -581.00	  956.00	 -674.00	  799.00	 -708.00	  439.00	 -777.00	  305.00	 -758.00	  375.00	 -775.00	  495.00	 -831.00	  656.00	 -744.00	  826.00	 -649.00	  966.00	 -593.00	  955.00	 -576.00	  813.00	 -612.00	  694.00	 -669.00	  647.00	 -708.00	  669.00	 -866.00	  735.00	 -847.00	  783.00	 -726.00	  987.00	 -751.00	 1033.00	 -738.00	  786.00	 -680.00	  723.00	 -666.00	  613.00	 -700.00	  637.00	 -775.00	  714.00	 -835.00	  863.00	 -864.00	 1035.00	 -908.00	 1130.00	 -958.00	 1175.00	 -984.00	 1163.00	 -1013.00	 1163.00	 -1013.00	 1151.00	 -1030.00	 1144.00	 -1037.00	 1127.00	 -1052.00	 1117.00	 -1067.00	 1099.00	 -1087.00	 1073.00	 -1115.00	 1063.00	 -1132.00	 1033.00	 -1164.00	 1002.00	 -1198.00	  987.00	 -1209.00	  956.00	 -1223.00	  937.00	 -1228.00	  904.00	 -1237.00	  870.00	 -1237.00	  853.00	 -1232.00	  817.00	 -1206.00	  800.00	 -1189.00	  765.00	 -1141.00	  737.00	 -1083.00	  720.00	 -1043.00	  692.00	 -962.00	  677.00	 -921.00	  651.00	 -828.00	  628.00	 -728.00	  617.00	 -680.00	  595.00	 -586.00	  575.00	 -579.00	  564.00	 -573.00	  542.00	 -567.00	  528.00	 -562.00	  502.00	 -556.00
                    cor_cor.dat 	  0.42 	 -0.40 	  0.62 	  0.46 	  0.94 	  0.91 	  0.95 	  0.95  
                  direction.dat	    0.25	   -0.29	   -0.28	   -0.28	   -0.27	    0.18	    0.25	   -0.30	   -0.30	   -0.30	   -0.29	   -0.29	   -0.29	   -0.29	   -0.25	   -0.25	   -0.25	   -0.59	   -0.58	   -0.25	   -0.01	   -0.01	    0.01	   -0.25	   -0.10	   -0.10	   -0.05	   -0.02	    0.25	    0.25	    0.25	    0.11	    0.11	    0.11	    0.11	    0.11	    0.11	    0.11	    0.11	    0.11	    0.11	    0.13	    0.13	    0.13	    0.13	    0.13	    0.14	    0.16	    0.16	    0.19	    0.19	    0.25	    0.25	    0.25	    0.25	    0.25	    0.25	    0.25	   -0.00	   -0.01	   -0.01	   -0.01	   -0.01	   -0.01
                    cor_dir.dat 	  0.39 	 -0.19 	  0.57 	  0.54 	 -0.44 	 -0.78 	 -0.57 	 -0.29  
                 StepPoints.dat 	 0.39 	 0.62 	 0.59 	 0.55 	 0.52 	 0.61 	 0.48 	 0.47 	 0.69 	 0.41 	 0.58 	 0.53 	 0.61 	 0.45 	 0.44 	 0.53 	 0.52
                 PointsComp.dat 	 0.33
                dir_changes.dat	    0.00	   -0.54	    0.00	    0.00	    0.02	    0.45	    0.07	   -0.55	    0.00	    0.00	    0.01	    0.00	    0.00	    0.00	    0.04	    0.00	    0.00	   -0.34	    0.01	    0.33	    0.24	    0.00	    0.02	   -0.26	    0.15	    0.00	    0.05	    0.03	    0.27	    0.00	    0.00	   -0.14	    0.00	    0.00	    0.00	    0.00	    0.00	    0.00	    0.00	    0.00	    0.00	    0.02	    0.00	    0.00	    0.00	    0.00	    0.01	    0.02	    0.00	    0.03	    0.00	    0.06	    0.00	    0.00	    0.00	    0.00	    0.00	    0.00	   -0.25	   -0.01	    0.00	    0.00	    0.00	    0.00
            cor_dir_changes.dat 	 -0.44 	 -0.74 	  0.04 	  0.00 	 -0.10 	  0.00 	  0.29 	 -0.12  
