C:\mcg1204\averaged\00005803.000\00005803.r0l 
20 30
64 713
3726
2590
1589
802
308
186
518
1151
1865
2634
3431
4228
5000
5701
6261
6611
6681
6402
5707
4767
3828
2922
2085
1351
754
385
292
440
793
1318
1981
2797
1917
1157
588
282
310
744
1459
2241
3072
3931
4798
5654
6399
7006
7415
7565
7394
6843
6103
5336
4572
3841
3173
2599
2052
1720
1574
1583
1716
1943
1923
1282
745
377
241
401
920
1704
2543
3424
4333
5258
6186
6964
7609
8068
8287
8215
7797
7245
6637
6002
5364
4750
4187
3498
2965
2563
2264
2042
1872
1088
669
341
159
178
455
1043
1879
2757
3670
4612
5577
6560
7369
8049
8555
8842
8865
8580
8198
7733
7209
6647
6070
5502
4710
4017
3398
2832
2296
1768
273
64
-67
-75
86
467
1113
1977
2870
3791
4743
5725
6739
7584
8305
8864
9225
9349
9201
8967
8624
8190
7683
7122
6526
5676
4864
4072
3282
2475
1632
-539
-547
-492
-337
-41
433
1127
1990
2868
3770
4701
5671
6686
7582
8357
8982
9429
9668
9671
9560
9312
8942
8465
7894
7244
6381
5498
4579
3611
2578
1467
-1367
-1181
-947
-635
-213
349
1084
1911
2740
3585
4462
5384
6367
7333
8183
8895
9450
9825
10000
9981
9799
9463
8985
8374
7641
6814
5907
4910
3813
2603
1273
-2206
-1821
-1400
-926
-379
256
1002
1745
2473
3217
4009
4881
5863
6924
7902
8759
9460
9969
10249
10270
10100
9756
9257
8621
7865
6914
5915
4851
3704
2456
1088
-3015
-2440
-1842
-1216
-556
144
891
1540
2159
2794
3493
4306
5279
6434
7537
8537
9382
10023
10408
10466
10306
9952
9430
8766
7986
6930
5859
4747
3570
2302
917
-3750
-3006
-2252
-1494
-740
3
730
1281
1783
2303
2904
3651
4609
5840
7051
8176
9149
9903
10375
10462
10303
9931
9378
8679
7865
6738
5629
4505
3333
2079
711
-4370
-3487
-2607
-1749
-931
-175
501
949
1332
1732
2230
2908
3848
5121
6406
7622
8689
9524
10048
10150
9978
9573
8975
8226
7364
6216
5118
4030
2912
1722
420
-4832
-3851
-2886
-1967
-1128
-399
186
529
790
1069
1463
2070
2989
4255
5565
6823
7934
8801
9328
9423
9218
8759
8095
7275
6345
5239
4217
3229
2228
1166
-4
-5094
-4066
-3067
-2139
-1328
-678
-235
3
144
302
592
1129
2028
3221
4490
5725
6814
7647
8113
8174
7908
7369
6612
5694
4669
3685
2816
2008
1204
348
-613
-5183
-4240
-3323
-2472
-1727
-1127
-713
-541
-460
-367
-155
280
1043
2145
3320
4457
5446
6175
6533
6408
5992
5341
4510
3556
2533
1686
993
398
-153
-719
-1352
-5179
-4336
-3517
-2759
-2095
-1560
-1190
-1074
-1044
-1003
-858
-513
125
1105
2156
3166
4025
4620
4841
4537
3980
3226
2330
1348
335
-364
-872
-1244
-1534
-1799
-2095
-5116
-4383
-3673
-3018
-2446
-1987
-1673
-1600
-1607
-1607
-1516
-1249
-722
119
1029
1896
2607
3052
3120
2658
1981
1145
205
-782
-1762
-2323
-2653
-2808
-2843
-2815
-2780
-5027
-4410
-3816
-3269
-2795
-2419
-2166
-2122
-2151
-2177
-2126
-1922
-1492
-793
-29
689
1249
1540
1449
865
103
-779
-1728
-2687
-3600
-4044
-4220
-4181
-3985
-3688
-3344
-4945
-4446
-3968
-3532
-3158
-2865
-2675
-2644
-2679
-2715
-2687
-2530
-2181
-1616
-989
-410
6
150
-89
-747
-1545
-2427
-3337
-4218
-5016
-5384
-5445
-5253
-4866
-4338
-3727
-4905
-4520
-4156
-3827
-3549
-3337
-3207
-3170
-3192
-3219
-3196
-3069
-2783
-2331
-1819
-1360
-1064
-1045
-1415
-2085
-2858
-3677
-4485
-5228
-5849
-6197
-6200
-5912
-5390
-4689
-3867
-4931
-4641
-4369
-4128
-3929
-3787
-3712
-3664
-3663
-3668
-3637
-3526
-3294
-2982
-2621
-2300
-2108
-2134
-2467
-3031
-3671
-4342
-5002
-5603
-6104
-6265
-6147
-5794
-5251
-4562
-3772
-5016
-4798
-4595
-4418
-4277
-4181
-4139
-4078
-4053
-4035
-3994
-3899
-3720
-3520
-3282
-3072
-2956
-2999
-3267
-3698
-4179
-4677
-5160
-5594
-5948
-5963
-5765
-5389
-4866
-4230
-3513
-5144
-4976
-4822
-4689
-4584
-4513
-4484
-4410
-4361
-4320
-4268
-4189
-4063
-3953
-3817
-3697
-3636
-3675
-3856
-4134
-4436
-4741
-5027
-5275
-5463
-5363
-5120
-4753
-4283
-3733
-3122
-5297
-5161
-5038
-4931
-4843
-4780
-4744
-4658
-4585
-4521
-4461
-4397
-4326
-4291
-4242
-4197
-4175
-4194
-4275
-4386
-4496
-4594
-4672
-4719
-4727
-4539
-4274
-3941
-3549
-3109
-2629
-5459
-5339
-5230
-5133
-5047
-4975
-4917
-4820
-4726
-4641
-4572
-4527
-4511
-4543
-4571
-4592
-4601
-4593
-4564
-4502
-4413
-4298
-4160
-4001
-3823
-3562
-3291
-3008
-2711
-2398
-2065
-5613
-5496
-5387
-5286
-5188
-5094
-5000
-4894
-4781
-4678
-4604
-4579
-4622
-4717
-4822
-4906
-4943
-4905
-4764
-4530
-4242
-3914
-3560
-3194
-2830
-2504
-2236
-2012
-1817
-1639
-1462
-5713
-5551
-5407
-5280
-5168
-5070
-4984
-4859
-4724
-4608
-4541
-4550
-4664
-4841
-5031
-5188
-5264
-5211
-4983
-4594
-4129
-3609
-3059
-2502
-1963
-1584
-1318
-1140
-1027
-955
-900
-5739
-5528
-5343
-5186
-5055
-4949
-4868
-4729
-4579
-4457
-4401
-4450
-4643
-4923
-5223
-5475
-5613
-5568
-5275
-4760
-4143
-3458
-2738
-2018
-1331
-873
-583
-426
-370
-379
-422
-5706
-5438
-5208
-5013
-4856
-4736
-4652
-4505
-4345
-4222
-4184
-4279
-4556
-4956
-5381
-5745
-5961
-5942
-5600
-4978
-4230
-3399
-2531
-1667
-851
-299
31
183
200
126
3
-5631
-5299
-5012
-4772
-4580
-4436
-4341
-4190
-4025
-3905
-3888
-4034
-4399
-4929
-5491
-5977
-6281
-6297
-5918
-5201
-4336
-3374
-2369
-1375
-445
210
590
746
732
601
406
-5531
-5122
-4769
-4472
-4233
-4054
-3937
-3785
-3618
-3505
-3514
-3713
-4170
-4834
-5536
-6148
-6544
-6599
-6187
-5383
-4407
-3320
-2186
-1069
-31
729
1158
1318
1273
1086
819
-5424
-4924
-4490
-4122
-3823
-3596
-3443
-3292
-3127
-3023
-3060
-3315
-3867
-4663
-5501
-6237
-6723
-6815
-6367
-5476
-4389
-3177
-1915
-674
471
1327
1797
1954
1870
1619
1273
