                   00005803.B0l 1
                      g_glb.dat 	   6.07 	   3.07 	   2.14 	   0.57 	   6.50 	   3.43 	   1.86 	   1.21
                      g_dir.dat 	 123.00 	  -6.00 	  47.00
                     g_step.dat 	   3.26 	  50.00 	  24.00 	  21.00 	   3.19 	  38.00 	  29.00 	  19.00
                    max_min.dat	    0.20	    0.28	    0.35	    0.40	    0.29	    0.24	    0.24	    0.27	    0.33	    0.40	    0.48	    0.55	    0.62	    0.71	    0.85	    0.95	    1.03	    1.12	    1.29	    1.46	    1.54	    1.57	    1.63	    1.74	    1.87	    1.90	    1.85	    1.83	    1.80	    1.74	    1.62	    1.54	    1.54	    1.53	    1.52	    1.52	    1.51	    1.50	    1.50	    1.50	    1.48	    1.46	    1.44	    1.42	    1.39	    1.37	    1.35	    1.32	    1.31	    1.30	    1.29	    1.30	    1.31	    1.32	    1.35	    1.36	    1.41	    1.42	    1.50	    1.56	    1.69	    1.66	    1.61	    1.57
                    cor_max.dat 	  0.40 	  0.32 	  0.48 	  0.50 	  0.94 	  0.97 	  0.93 	  0.92  
                     correl.dat	   -0.18	    0.31	    0.23	    0.20	    0.26	    0.32	    0.34	    0.35	    0.38	    0.43	    0.48	    0.53	    0.57	    0.60	    0.64	    0.66	    0.68	    0.70	    0.71	    0.74	    0.76	    0.80	    0.82	    0.84	    0.86	    0.88	    0.89	    0.89	    0.89	    0.89	    0.88	    0.88	    0.88	    0.88	    0.88	    0.88	    0.88	    0.88	    0.87	    0.87	    0.87	    0.87	    0.86	    0.86	    0.86	    0.86	    0.85	    0.85	    0.85	    0.85	    0.84	    0.84	    0.84	    0.84	    0.84	    0.83	    0.83	    0.82	    0.81	    0.80	    0.77	    0.74	    0.72	    0.68
               max_minValue.dat	    0.60	    0.42	    0.70	   -0.95	    1.54	    1.32	   41.00	 -205.00	   78.00	 -278.00	  106.00	 -301.00	  116.00	 -288.00	   78.00	 -271.00	   64.00	 -266.00	   69.00	 -284.00	   83.00	 -308.00	  105.00	 -317.00	  126.00	 -317.00	  148.00	 -308.00	  165.00	 -302.00	  179.00	 -287.00	  193.00	 -271.00	  207.00	 -243.00	  222.00	 -233.00	  236.00	 -229.00	  261.00	 -232.00	  299.00	 -232.00	  342.00	 -234.00	  384.00	 -250.00	  429.00	 -274.00	  480.00	 -295.00	  538.00	 -309.00	  597.00	 -319.00	  656.00	 -346.00	  721.00	 -389.00	  793.00	 -433.00	  847.00	 -470.00	  880.00	 -505.00	  891.00	 -550.00	  894.00	 -579.00	  894.00	 -579.00	  891.00	 -583.00	  888.00	 -584.00	  883.00	 -581.00	  877.00	 -580.00	  868.00	 -577.00	  860.00	 -574.00	  849.00	 -567.00	  836.00	 -565.00	  821.00	 -561.00	  800.00	 -555.00	  781.00	 -551.00	  763.00	 -549.00	  745.00	 -543.00	  721.00	 -536.00	  699.00	 -530.00	  666.00	 -510.00	  639.00	 -493.00	  613.00	 -474.00	  585.00	 -449.00	  556.00	 -426.00	  527.00	 -399.00	  480.00	 -355.00	  446.00	 -327.00	  415.00	 -295.00	  383.00	 -269.00	  353.00	 -236.00	  323.00	 -207.00	  283.00	 -167.00	  256.00	 -154.00	  233.00	 -145.00	  212.00	 -135.00
                    cor_cor.dat 	  0.58 	  0.45 	  0.56 	  0.66 	  0.97 	  0.98 	  0.97 	  0.97  
                  direction.dat	    0.82	    0.14	    0.44	    0.44	    0.44	    0.13	    0.14	    0.14	    0.12	    0.12	    0.12	    0.12	    0.13	    0.13	    0.13	    0.13	    0.13	    0.13	    0.13	    0.13	    0.37	    0.37	    0.36	    0.36	    0.36	    0.36	    0.38	    0.40	    0.40	    0.40	    0.40	    0.42	    0.42	    0.42	    0.42	    0.42	    0.41	    0.44	    0.44	    0.44	    0.44	    0.45	    0.46	    0.46	    0.43	    0.45	    0.45	    0.45	    0.45	    0.47	    0.49	    0.47	    0.49	    0.49	    0.49	    0.49	    0.49	    0.49	    0.48	    0.44	    0.39	    0.39	    0.39	    0.24
                    cor_dir.dat 	 -0.72 	 -0.74 	 -0.62 	 -0.94 	 -0.23 	 -0.40 	 -0.36 	  0.34  
                 StepPoints.dat 	 0.24 	 0.53 	 0.55 	 0.56 	 0.48 	 0.56 	 0.47 	 0.52 	 0.45 	 0.64 	 0.52 	 0.55 	 0.55 	 0.59 	 0.66 	 0.69 	 0.56
                 PointsComp.dat 	 0.22
                dir_changes.dat	    0.00	   -0.68	    0.30	    0.00	    0.00	   -0.31	    0.01	    0.00	   -0.02	    0.00	    0.00	    0.00	    0.01	    0.00	    0.00	    0.00	    0.00	    0.00	    0.00	    0.00	    0.24	    0.00	   -0.01	    0.00	    0.00	    0.00	    0.02	    0.02	    0.00	    0.00	    0.00	    0.02	    0.00	    0.00	    0.00	    0.00	   -0.02	    0.03	    0.00	    0.00	    0.00	    0.01	    0.01	    0.00	   -0.03	    0.02	    0.00	    0.00	    0.00	    0.03	    0.01	   -0.02	    0.02	    0.00	    0.00	    0.00	    0.00	    0.00	   -0.00	   -0.05	   -0.05	    0.00	    0.00	   -0.15
            cor_dir_changes.dat 	 -0.55 	 -0.59 	 -0.00 	  0.00 	 -0.12 	  0.00 	  0.16 	 -0.12  
