D:\Арсен 20-06-11\Новая папка (2)\CRYOTON\AVERAGED\00002501.000\00002501.R0l 
20 30
64 846
-2344
-1448
-623
117
762
1297
1708
2045
2352
2602
2770
2831
2758
2575
2372
2217
2180
2332
2743
3340
3984
4640
5272
5847
6329
6624
6687
6552
6254
5828
5310
-2673
-1955
-1283
-666
-114
362
757
1107
1437
1731
1971
2142
2227
2282
2323
2397
2553
2839
3302
3839
4403
4970
5516
6017
6450
6775
6936
6955
6858
6667
6408
-2978
-2432
-1908
-1411
-947
-521
-139
215
561
890
1194
1467
1702
1981
2253
2543
2878
3284
3787
4268
4756
5240
5705
6138
6527
6862
7099
7253
7335
7360
7340
-3270
-2893
-2515
-2137
-1759
-1383
-1011
-654
-296
64
430
802
1183
1670
2155
2644
3141
3650
4175
4604
5021
5425
5812
6181
6530
6864
7168
7445
7696
7925
8134
-3562
-3356
-3125
-2866
-2575
-2250
-1888
-1527
-1154
-759
-330
142
673
1346
2024
2691
3329
3921
4448
4827
5175
5500
5812
6119
6430
6761
7132
7531
7952
8385
8822
-3867
-3836
-3755
-3619
-3418
-3148
-2800
-2427
-2033
-1597
-1097
-515
171
1006
1854
2675
3430
4080
4585
4915
5193
5441
5678
5923
6196
6536
6981
7514
8113
8759
9434
-4199
-4348
-4425
-4417
-4314
-4104
-3777
-3380
-2952
-2462
-1879
-1176
-321
649
1638
2585
3430
4110
4567
4845
5054
5223
5383
5565
5800
6167
6708
7392
8189
9068
10000
-4548
-4870
-5104
-5230
-5231
-5090
-4789
-4327
-3821
-3244
-2565
-1755
-786
281
1362
2386
3286
3991
4433
4633
4764
4860
4956
5086
5285
5763
6448
7305
8300
9399
10566
-4882
-5374
-5759
-6014
-6115
-6038
-5760
-5234
-4653
-3991
-3217
-2304
-1222
-72
1085
2172
3112
3828
4241
4366
4422
4448
4483
4564
4732
5316
6141
7168
8357
9671
11071
-5178
-5831
-6361
-6737
-6931
-6910
-6646
-6069
-5428
-4694
-3839
-2835
-1654
-431
793
1933
2904
3619
3994
4051
4039
4001
3981
4021
4163
4824
5759
6924
8278
9777
11378
-5412
-6215
-6879
-7366
-7641
-7666
-7406
-6803
-6124
-5342
-4430
-3360
-2105
-814
471
1659
2654
3364
3695
3693
3623
3533
3468
3476
3604
4284
5271
6519
7979
9606
11353
-5561
-6500
-7283
-7868
-8210
-8267
-7996
-7402
-6721
-5927
-4993
-3893
-2598
-1241
104
1338
2357
3060
3346
3299
3185
3055
2960
2950
3076
3693
4649
5895
7379
9051
10859
-5601
-6659
-7545
-8208
-8601
-8673
-8375
-7835
-7199
-6439
-5530
-4444
-3157
-1730
-321
961
2007
2707
2950
2875
2735
2582
2473
2462
2605
3047
3863
4998
6396
8002
9762
-5544
-6600
-7490
-8172
-8604
-8745
-8555
-8095
-7545
-6869
-6033
-5002
-3741
-2334
-932
360
1438
2198
2534
2536
2446
2316
2199
2146
2209
2565
3247
4203
5380
6727
8190
-5429
-6470
-7350
-8036
-8494
-8691
-8594
-8232
-7785
-7211
-6466
-5507
-4290
-2906
-1515
-216
889
1705
2130
2219
2189
2092
1976
1891
1886
2115
2622
3359
4275
5320
6447
-5271
-6284
-7142
-7819
-8291
-8531
-8515
-8262
-7931
-7470
-6828
-5952
-4791
-3434
-2059
-760
369
1236
1746
1927
1964
1906
1797
1686
1618
1703
2018
2518
3155
3883
4655
-5087
-6060
-6884
-7541
-8015
-8287
-8340
-8202
-7992
-7651
-7118
-6332
-5233
-3908
-2554
-1259
-111
801
1390
1665
1772
1753
1654
1519
1391
1337
1466
1735
2099
2515
2939
-4890
-5813
-6593
-7220
-7685
-7979
-8092
-8069
-7982
-7760
-7336
-6640
-5603
-4317
-2990
-1705
-545
407
1071
1438
1611
1632
1541
1379
1189
1025
997
1064
1185
1318
1422
-4697
-5561
-6288
-6876
-7324
-7630
-7793
-7880
-7909
-7803
-7482
-6871
-5892
-4650
-3356
-2088
-921
65
796
1249
1484
1537
1448
1254
996
774
642
559
489
391
229
-4527
-5343
-6031
-6589
-7019
-7319
-7488
-7634
-7725
-7687
-7448
-6934
-6070
-4856
-3592
-2348
-1196
-207
545
987
1222
1283
1209
1033
792
487
259
74
-104
-313
-587
-4386
-5152
-5799
-6326
-6736
-7027
-7202
-7382
-7511
-7519
-7337
-6896
-6125
-4960
-3746
-2548
-1432
-463
291
720
952
1020
958
798
573
238
-29
-264
-499
-765
-1097
-4265
-4980
-5583
-6077
-6464
-6745
-6923
-7116
-7262
-7295
-7150
-6760
-6061
-4966
-3823
-2692
-1633
-705
29
445
675
750
700
556
346
24
-242
-485
-732
-1014
-1361
-4159
-4818
-5375
-5833
-6194
-6462
-6640
-6828
-6972
-7012
-6886
-6530
-5885
-4881
-3830
-2786
-1805
-939
-243
160
390
474
439
312
121
-158
-394
-613
-843
-1110
-1442
-4057
-4658
-5165
-5583
-5916
-6167
-6340
-6508
-6637
-6669
-6545
-6209
-5602
-4709
-3771
-2835
-1951
-1167
-532
-136
97
194
178
73
-96
-314
-499
-677
-870
-1103
-1401
-3954
-4491
-4945
-5319
-5618
-5849
-6015
-6150
-6250
-6261
-6129
-5799
-5218
-4456
-3651
-2843
-2078
-1396
-842
-447
-203
-87
-78
-156
-298
-447
-574
-702
-852
-1045
-1302
-3827
-4316
-4732
-5075
-5340
-5527
-5632
-5684
-5698
-5643
-5488
-5200
-4748
-4130
-3498
-2870
-2262
-1694
-1182
-835
-591
-441
-375
-385
-462
-495
-559
-664
-817
-1029
-1307
-3668
-4101
-4474
-4779
-5004
-5140
-5177
-5145
-5073
-4951
-4771
-4524
-4201
-3746
-3306
-2875
-2445
-2008
-1558
-1246
-988
-789
-653
-581
-580
-535
-575
-695
-892
-1162
-1501
-3484
-3855
-4179
-4439
-4618
-4698
-4662
-4541
-4378
-4186
-3978
-3768
-3570
-3297
-3069
-2855
-2621
-2336
-1967
-1677
-1394
-1135
-915
-750
-658
-564
-607
-770
-1038
-1393
-1821
-3283
-3586
-3856
-4067
-4194
-4212
-4097
-3882
-3622
-3352
-3109
-2930
-2849
-2778
-2782
-2804
-2787
-2673
-2405
-2127
-1808
-1478
-1165
-898
-705
-577
-639
-861
-1216
-1673
-2205
-3071
-3303
-3514
-3670
-3741
-3693
-3494
-3175
-2808
-2451
-2165
-2006
-2034
-2184
-2440
-2718
-2937
-3014
-2866
-2592
-2230
-1822
-1407
-1029
-728
-571
-656
-942
-1387
-1951
-2591
-2858
-3014
-3161
-3259
-3269
-3151
-2865
-2429
-1942
-1487
-1144
-993
-1118
-1509
-2036
-2591
-3067
-3354
-3348
-3072
-2660
-2167
-1646
-1150
-735
-541
-643
-985
-1514
-2177
-2919
