                   00002501.B0l 1
                      g_glb.dat 	   1.79 	   1.29 	   0.29 	   0.21 	   2.86 	   1.36 	   0.71 	   0.79
                      g_dir.dat 	   0.00 	  -2.00 	   1.00
                     g_step.dat 	   0.90 	  20.00 	   4.00 	   3.00 	   1.21 	  16.00 	  10.00 	  11.00
                    max_min.dat	    1.01	    1.65	    1.80	    2.02	    2.39	    2.34	    2.09	    1.93	    1.97	    2.00	    1.94	    1.95	    1.99	    2.11	    2.23	    2.17	    2.18	    2.17	    2.04	    1.89	    1.80	    1.75	    1.70	    1.64	    1.58	    1.52	    1.46	    1.40	    1.33	    1.27	    1.22	    1.18	    1.18	    1.17	    1.16	    1.15	    1.13	    1.12	    1.10	    1.09	    1.08	    1.06	    1.04	    1.03	    1.00	    0.98	    0.96	    0.95	    0.93	    0.91	    0.90	    0.88	    0.86	    0.84	    0.82	    0.81	    0.79	    0.78	    0.80	    0.86	    0.97	    1.06	    1.16	    1.19
                    cor_max.dat 	  0.76 	  0.73 	  0.77 	  0.79 	  0.82 	  0.89 	  0.78 	  0.79  
                     correl.dat	    0.44	    0.76	    0.77	    0.76	    0.78	    0.80	    0.82	    0.83	    0.84	    0.85	    0.85	    0.84	    0.84	    0.85	    0.86	    0.86	    0.87	    0.88	    0.88	    0.89	    0.90	    0.90	    0.91	    0.92	    0.92	    0.93	    0.93	    0.94	    0.94	    0.93	    0.93	    0.93	    0.93	    0.93	    0.92	    0.92	    0.92	    0.92	    0.92	    0.92	    0.92	    0.92	    0.92	    0.92	    0.91	    0.91	    0.91	    0.91	    0.91	    0.90	    0.90	    0.89	    0.88	    0.88	    0.87	    0.86	    0.85	    0.84	    0.83	    0.81	    0.78	    0.76	    0.74	    0.72
               max_minValue.dat	    0.50	    0.69	    0.38	    2.17	    1.18	   -0.95	  845.00	 -835.00	  999.00	 -606.00	  980.00	 -545.00	 1049.00	 -519.00	 1220.00	 -511.00	 1362.00	 -581.00	 1497.00	 -715.00	 1613.00	 -834.00	 1721.00	 -875.00	 1830.00	 -915.00	 1960.00	 -1011.00	 2090.00	 -1072.00	 2206.00	 -1109.00	 2297.00	 -1091.00	 2397.00	 -1075.00	 2557.00	 -1179.00	 2823.00	 -1292.00	 3066.00	 -1412.00	 3285.00	 -1612.00	 3514.00	 -1860.00	 3800.00	 -2108.00	 4198.00	 -2395.00	 4805.00	 -2828.00	 5446.00	 -3314.00	 6094.00	 -3869.00	 6692.00	 -4407.00	 7181.00	 -4915.00	 7559.00	 -5386.00	 7875.00	 -5918.00	 8092.00	 -6374.00	 8234.00	 -6724.00	 8203.00	 -6931.00	 8203.00	 -6931.00	 8151.00	 -6952.00	 8079.00	 -6953.00	 7986.00	 -6942.00	 7799.00	 -6888.00	 7652.00	 -6834.00	 7471.00	 -6769.00	 7270.00	 -6670.00	 7055.00	 -6560.00	 6811.00	 -6441.00	 6556.00	 -6289.00	 6284.00	 -6125.00	 5846.00	 -5854.00	 5537.00	 -5648.00	 5224.00	 -5419.00	 4908.00	 -5183.00	 4585.00	 -4935.00	 4267.00	 -4676.00	 3946.00	 -4407.00	 3628.00	 -4129.00	 3172.00	 -3700.00	 2875.00	 -3424.00	 2586.00	 -3135.00	 2320.00	 -2860.00	 2059.00	 -2595.00	 1816.00	 -2330.00	 1679.00	 -2087.00	 1597.00	 -1856.00	 1486.00	 -1530.00	 1415.00	 -1339.00	 1356.00	 -1164.00	 1305.00	 -1093.00
                    cor_cor.dat 	  0.98 	  0.96 	  0.97 	  0.99 	  0.99 	  0.99 	  1.00 	  0.96  
                  direction.dat	   -0.48	   -0.23	   -0.20	   -0.20	   -0.21	   -0.21	   -0.19	   -0.19	   -0.21	   -0.19	   -0.19	   -0.19	   -0.19	   -0.19	   -0.19	   -0.19	   -0.19	   -0.19	   -0.19	   -0.17	   -0.17	   -0.17	   -0.15	   -0.13	   -0.13	   -0.11	   -0.11	   -0.11	   -0.11	   -0.08	   -0.08	   -0.09	   -0.09	   -0.09	   -0.09	   -0.09	   -0.09	   -0.09	   -0.08	   -0.08	   -0.08	   -0.08	   -0.08	   -0.06	   -0.06	   -0.06	   -0.06	   -0.06	   -0.06	   -0.06	   -0.05	   -0.05	   -0.05	   -0.05	   -0.05	   -0.05	   -0.05	   -0.04	   -0.14	   -0.14	   -0.15	   -0.16	   -0.17	   -0.18
                    cor_dir.dat 	  0.93 	  0.98 	  0.86 	  0.87 	 -0.35 	  0.88 	  0.94 	 -0.56  
                 StepPoints.dat 	 0.10 	 0.48 	 0.48 	 0.53 	 0.41 	 0.52 	 0.47 	 0.52 	 0.50 	 0.55 	 0.48 	 0.47 	 0.52 	 0.47 	 0.55 	 0.55 	 0.59
                 PointsComp.dat 	 0.09
                dir_changes.dat	    0.00	    0.25	    0.02	    0.00	   -0.00	    0.00	    0.02	    0.00	   -0.02	    0.02	    0.00	    0.00	   -0.00	    0.00	    0.00	    0.00	    0.00	    0.00	    0.00	    0.02	    0.00	    0.00	    0.02	    0.02	    0.00	    0.02	    0.00	    0.00	    0.00	    0.03	    0.00	   -0.01	    0.00	    0.00	    0.00	    0.00	    0.00	    0.00	    0.02	    0.00	    0.00	    0.00	    0.00	    0.02	    0.00	    0.00	    0.00	    0.00	    0.00	    0.00	    0.01	    0.00	    0.00	    0.00	    0.00	    0.00	    0.00	    0.01	   -0.10	    0.00	   -0.01	   -0.01	   -0.01	   -0.01
            cor_dir_changes.dat 	  0.93 	  0.93 	 -0.27 	  0.00 	 -0.21 	 -0.51 	  0.00 	 -0.21  
