D:\SOFTMAG\cryoton\averaged\00004301.000\00004301.R0l 
20 30
64 846
2580
2320
2066
1797
1491
1128
688
171
-369
-884
-1322
-1632
-1763
-1645
-1355
-1058
-921
-1107
-1784
-2762
-3691
-4486
-5066
-5347
-5247
-4544
-3129
-1084
1506
4562
8000
2045
1787
1537
1277
990
658
263
-179
-631
-1058
-1425
-1695
-1833
-1741
-1501
-1235
-1067
-1119
-1513
-2128
-2676
-3095
-3325
-3303
-2969
-2222
-917
882
3117
5725
8645
1531
1268
1015
758
483
176
-178
-549
-915
-1256
-1552
-1783
-1931
-1871
-1689
-1462
-1271
-1196
-1314
-1595
-1792
-1865
-1775
-1481
-944
-138
1069
2639
4531
6706
9123
1035
763
504
247
-18
-305
-623
-927
-1209
-1467
-1697
-1894
-2055
-2045
-1936
-1765
-1568
-1381
-1241
-1204
-1066
-808
-413
137
861
1740
2866
4219
5782
7537
9466
552
271
6
-251
-508
-774
-1056
-1298
-1503
-1684
-1853
-2022
-2203
-2268
-2259
-2170
-1993
-1721
-1348
-994
-522
64
763
1569
2480
3446
4503
5654
6902
8251
9705
79
-207
-476
-731
-977
-1219
-1463
-1650
-1786
-1899
-2015
-2163
-2371
-2547
-2674
-2702
-2581
-2260
-1690
-1006
-186
744
1759
2835
3946
5012
6014
6976
7923
8880
9872
-387
-674
-940
-1187
-1416
-1628
-1827
-1970
-2047
-2101
-2175
-2313
-2559
-2891
-3199
-3389
-3368
-3043
-2322
-1278
-83
1217
2578
3951
5290
6470
7430
8217
8876
9455
10000
-842
-1121
-1380
-1614
-1818
-1988
-2119
-2209
-2219
-2213
-2255
-2409
-2741
-3235
-3734
-4106
-4218
-3940
-3140
-1769
-212
1467
3202
4927
6575
7804
8693
9308
9715
9980
10170
-1275
-1543
-1791
-2009
-2185
-2309
-2370
-2413
-2362
-2301
-2317
-2495
-2920
-3582
-4279
-4838
-5091
-4866
-3994
-2311
-405
1636
3731
5794
7738
9032
9867
10328
10501
10471
10323
-1683
-1950
-2197
-2408
-2566
-2654
-2654
-2650
-2537
-2422
-2411
-2611
-3128
-3957
-4849
-5595
-5985
-5812
-4865
-2914
-706
1655
4066
6421
8616
9989
10785
11107
11060
10748
10276
-2064
-2351
-2620
-2847
-3010
-3084
-3046
-2987
-2805
-2628
-2584
-2800
-3402
-4386
-5462
-6383
-6900
-6767
-5735
-3591
-1153
1452
4104
6677
9049
10513
11279
11472
11215
10633
9848
-2414
-2757
-3084
-3363
-3565
-3660
-3620
-3492
-3227
-2975
-2884
-3100
-3774
-4893
-6134
-7210
-7834
-7722
-6585
-4352
-1790
956
3744
6432
8875
10436
11181
11252
10793
9946
8856
-2731
-3179
-3610
-3989
-4279
-4445
-4451
-4232
-3865
-3517
-3357
-3555
-4279
-5505
-6882
-8084
-8787
-8666
-7397
-5208
-2657
95
2886
5553
7935
9596
10323
10275
9617
8510
7118
-3014
-3658
-4268
-4798
-5207
-5449
-5483
-5220
-4803
-4394
-4155
-4250
-4841
-6000
-7319
-8494
-9222
-9197
-8116
-6031
-3608
-998
1645
4171
6426
7847
8390
8206
7447
6267
4817
-3265
-4118
-4916
-5610
-6148
-6479
-6553
-6233
-5754
-5271
-4941
-4921
-5367
-6440
-7683
-8814
-9547
-9600
-8689
-6765
-4526
-2116
323
2651
4726
5914
6282
5970
5120
3875
2377
-3483
-4540
-5524
-6377
-7041
-7457
-7567
-7195
-6658
-6105
-5689
-5559
-5864
-6829
-7974
-9037
-9754
-9863
-9100
-7378
-5367
-3199
-1005
1082
2932
3910
4124
3706
2787
1499
-26
-3664
-4907
-6059
-7052
-7823
-8306
-8434
-8030
-7455
-6855
-6373
-6153
-6339
-7169
-8189
-9159
-9834
-9972
-9331
-7840
-6085
-4188
-2269
-450
1146
1948
2043
1553
599
-697
-2215
-3808
-5203
-6488
-7589
-8433
-8948
-9060
-8661
-8088
-7476
-6966
-6693
-6797
-7462
-8328
-9173
-9776
-9913
-9364
-8119
-6635
-5023
-3395
-1860
-530
141
164
-350
-1292
-2551
-4014
-3913
-5411
-6779
-7939
-8808
-9306
-9354
-9014
-8495
-7927
-7442
-7171
-7247
-7712
-8389
-9076
-9571
-9674
-9182
-8184
-6972
-5647
-4310
-3060
-2000
-1397
-1386
-1866
-2737
-3897
-5247
-3986
-5407
-6710
-7824
-8678
-9203
-9327
-9064
-8639
-8167
-7761
-7536
-7606
-7946
-8467
-8994
-9351
-9362
-8852
-8072
-7104
-6036
-4957
-3953
-3114
-2575
-2552
-2956
-3700
-4696
-5856
-4041
-5352
-6556
-7592
-8399
-8917
-9086
-8906
-8581
-8211
-7890
-7718
-7789
-8022
-8406
-8792
-9030
-8969
-8460
-7841
-7060
-6194
-5316
-4502
-3827
-3336
-3283
-3595
-4196
-5011
-5965
-4077
-5253
-6333
-7266
-8002
-8489
-8677
-8577
-8352
-8081
-7844
-7721
-7792
-7939
-8208
-8474
-8614
-8502
-8015
-7507
-6865
-6149
-5424
-4750
-4190
-3736
-3644
-3853
-4301
-4924
-5662
-4096
-5120
-6059
-6871
-7517
-7956
-8146
-8116
-7979
-7798
-7635
-7552
-7612
-7696
-7872
-8042
-8107
-7968
-7526
-7087
-6539
-5933
-5316
-4740
-4252
-3831
-3696
-3799
-4089
-4517
-5035
-4098
-4960
-5748
-6430
-6977
-7357
-7539
-7561
-7494
-7384
-7276
-7214
-7245
-7291
-7400
-7499
-7514
-7373
-7002
-6595
-6107
-5573
-5031
-4515
-4065
-3679
-3503
-3501
-3636
-3872
-4171
-4086
-4783
-5417
-5967
-6412
-6731
-6903
-6949
-6926
-6860
-6780
-6713
-6688
-6724
-6793
-6848
-6840
-6724
-6451
-6048
-5590
-5100
-4602
-4120
-3677
-3335
-3128
-3030
-3019
-3070
-3161
-4060
-4733
-5340
-5843
-6205
-6390
-6360
-6318
-6194
-6041
-5911
-5857
-5931
-5944
-6036
-6142
-6197
-6136
-5896
-5592
-5187
-4716
-4210
-3701
-3222
-2768
-2474
-2306
-2232
-2220
-2238
-4023
-4699
-5306
-5790
-6098
-6177
-5972
-5782
-5498
-5197
-4958
-4857
-4971
-4996
-5146
-5338
-5491
-5522
-5350
-5142
-4791
-4337
-3821
-3285
-2769
-2237
-1889
-1684
-1582
-1542
-1521
-3973
-4674
-5301
-5786
-6060
-6052
-5694
-5303
-4807
-4308
-3907
-3708
-3811
-3881
-4123
-4435
-4719
-4875
-4804
-4684
-4377
-3932
-3399
-2827
-2265
-1683
-1310
-1097
-995
-953
-922
-3910
-4647
-5308
-5807
-6059
-5978
-5479
-4844
-4093
-3352
-2747
-2405
-2453
-2601
-2965
-3428
-3874
-4186
-4248
-4202
-3925
-3473
-2907
-2284
-1662
-1051
-675
-475
-393
-372
-352
-3833
-4611
-5310
-5829
-6065
-5916
-5281
-4367
-3326
-2307
-1463
-944
-902
-1156
-1672
-2316
-2953
-3451
-3675
-3680
-3410
-2930
-2309
-1613
-909
-284
80
251
296
282
276
-3741
-4558
-5293
-5828
-6045
-5826
-5053
-3834
-2475
-1153
-42
679
838
451
-243
-1095
-1951
-2662
-3075
-3103
-2811
-2274
-1569
-771
43
673
1017
1152
1152
1094
1053
