                   00004301.B0l 1
                      g_glb.dat 	  17.21 	   4.07 	   3.86 	   7.43 	   2.64 	   0.14 	   1.50 	   0.64
                      g_dir.dat 	  36.00 	 -24.00 	  26.00
                     g_step.dat 	   5.38 	  59.00 	  55.00 	 139.00 	   2.56 	   2.00 	  23.00 	   9.00
                    max_min.dat	    0.96	    1.75	    2.11	    1.82	    1.80	    1.38	    0.82	    0.70	    0.66	    0.87	    1.17	    1.76	    1.73	    3.13	    2.35	    1.40	    1.04	    0.70	    0.44	    0.68	    1.00	    1.43	    1.50	    1.43	    1.22	    1.19	    1.05	    0.80	    0.73	    0.77	    0.86	    1.00	    1.00	    1.02	    1.03	    1.01	    0.98	    0.96	    0.92	    0.90	    0.86	    0.87	    0.87	    0.86	    0.81	    0.77	    0.70	    0.66	    0.62	    0.60	    0.58	    0.57	    0.54	    0.52	    0.49	    0.52	    0.72	    0.89	    1.17	    1.20	    1.09	    1.01	    0.96	    1.07
                    cor_max.dat 	  0.78 	  0.72 	  0.90 	  0.78 	  0.75 	  0.82 	  0.67 	  0.78  
                     correl.dat	   -0.29	   -0.58	   -0.60	   -0.52	   -0.36	   -0.33	   -0.37	   -0.38	   -0.35	   -0.39	   -0.51	   -0.55	   -0.50	   -0.50	   -0.51	   -0.42	   -0.12	    0.27	    0.20	    0.25	   -0.09	   -0.23	    0.04	    0.24	    0.41	    0.53	    0.63	    0.72	    0.78	    0.80	    0.79	    0.73	    0.73	    0.72	    0.72	    0.73	    0.74	    0.75	    0.76	    0.77	    0.77	    0.78	    0.79	    0.79	    0.80	    0.81	    0.81	    0.82	    0.83	    0.83	    0.85	    0.86	    0.86	    0.85	    0.83	    0.80	    0.75	    0.70	    0.63	    0.59	    0.54	    0.50	    0.44	    0.37
               max_minValue.dat	   -0.16	    0.20	   -0.40	    1.40	    1.00	   -0.66	  644.00	 -671.00	  952.00	 -545.00	 1151.00	 -545.00	 1071.00	 -590.00	  911.00	 -506.00	  673.00	 -487.00	  602.00	 -736.00	  644.00	 -919.00	  601.00	 -913.00	  666.00	 -763.00	  933.00	 -800.00	 1176.00	 -668.00	 1223.00	 -706.00	 1413.00	 -452.00	 1248.00	 -530.00	 1001.00	 -714.00	  882.00	 -848.00	  646.00	 -922.00	  479.00	 -1083.00	  637.00	 -937.00	  836.00	 -835.00	 1195.00	 -838.00	 1502.00	 -1003.00	 1337.00	 -933.00	 1238.00	 -1014.00	 1313.00	 -1100.00	 1049.00	 -1000.00	  936.00	 -1172.00	  979.00	 -1345.00	 1120.00	 -1459.00	 1332.00	 -1542.00	 1648.00	 -1643.00	 1648.00	 -1643.00	 1692.00	 -1658.00	 1698.00	 -1654.00	 1661.00	 -1637.00	 1575.00	 -1602.00	 1514.00	 -1575.00	 1422.00	 -1538.00	 1375.00	 -1526.00	 1325.00	 -1535.00	 1351.00	 -1551.00	 1390.00	 -1597.00	 1411.00	 -1644.00	 1397.00	 -1722.00	 1364.00	 -1782.00	 1286.00	 -1839.00	 1228.00	 -1853.00	 1125.00	 -1828.00	 1058.00	 -1777.00	  949.00	 -1649.00	  876.00	 -1548.00	  752.00	 -1387.00	  672.00	 -1295.00	  551.00	 -1132.00	  532.00	 -1015.00	  622.00	 -865.00	  687.00	 -775.00	  737.00	 -632.00	  726.00	 -606.00	  645.00	 -590.00	  572.00	 -568.00	  482.00	 -503.00	  465.00	 -435.00
                    cor_cor.dat 	 -0.72 	 -0.83 	 -0.69 	 -0.66 	  0.93 	  0.90 	  0.95 	  0.92  
                  direction.dat	   -0.21	   -0.23	   -0.23	   -0.21	   -0.09	   -0.09	   -0.25	   -0.65	   -0.65	   -0.51	   -0.50	   -0.25	   -0.16	   -0.10	   -0.10	   -0.11	   -0.56	   -0.70	   -0.70	   -0.70	   -0.67	   -0.08	   -0.08	   -0.06	   -0.06	   -0.03	    0.04	    0.25	    0.34	    0.32	    0.15	    0.15	    0.15	    0.15	    0.14	    0.15	    0.15	    0.15	    0.15	    0.10	    0.29	    0.29	    0.35	    0.35	    0.35	    0.37	    0.37	    0.37	    0.38	    0.38	    0.38	    0.40	    0.40	    0.42	    0.42	    0.20	    0.18	    0.18	    0.14	    0.14	    0.02	    0.02	    0.01	   -0.10
                    cor_dir.dat 	  0.59 	  0.75 	  0.83 	  0.51 	 -0.40 	 -0.61 	 -0.40 	 -0.31  
                 StepPoints.dat 	 0.39 	 0.55 	 0.55 	 0.52 	 0.50 	 0.55 	 0.58 	 0.55 	 0.62 	 0.50 	 0.50 	 0.53 	 0.52 	 0.48 	 0.55 	 0.58 	 0.50
                 PointsComp.dat 	 0.36
                dir_changes.dat	    0.00	   -0.02	    0.00	    0.02	    0.13	   -0.01	   -0.16	   -0.40	    0.00	    0.14	    0.01	    0.25	    0.09	    0.06	    0.00	   -0.01	   -0.45	   -0.13	    0.00	    0.00	    0.03	    0.58	    0.01	    0.01	    0.00	    0.03	    0.07	    0.21	    0.09	   -0.02	   -0.18	    0.00	    0.00	    0.00	   -0.01	    0.01	    0.00	    0.00	    0.00	   -0.05	    0.19	    0.00	    0.07	    0.00	    0.00	    0.02	    0.00	    0.00	    0.02	    0.00	    0.00	    0.01	    0.00	    0.02	    0.00	   -0.22	   -0.02	   -0.00	   -0.03	   -0.01	   -0.11	    0.00	   -0.01	   -0.11
            cor_dir_changes.dat 	 -0.10 	 -0.26 	  0.39 	  0.00 	 -0.11 	  0.00 	  0.19 	 -0.13  
