D:\SOFTMAG\averaged\00002001.000\00002001.r0l 
20 30
64 757
3299
3892
4434
4884
5198
5335
5253
4993
4665
4329
4043
3866
3857
4005
4234
4505
4778
5015
5177
5213
5114
4899
4588
4200
3756
3306
2878
2452
2008
1527
989
3117
3741
4314
4800
5163
5366
5375
5232
5027
4807
4617
4505
4516
4594
4731
4904
5089
5262
5399
5391
5269
5045
4731
4339
3880
3466
3033
2570
2063
1502
874
2910
3556
4150
4662
5063
5323
5412
5376
5284
5169
5066
5008
5029
5041
5091
5171
5271
5384
5502
5459
5323
5098
4789
4400
3935
3566
3137
2644
2083
1451
743
2666
3321
3923
4450
4878
5183
5341
5398
5405
5384
5354
5337
5354
5305
5273
5264
5285
5343
5447
5391
5264
5062
4782
4419
3972
3646
3220
2697
2082
1378
588
2370
3021
3619
4147
4587
4923
5138
5272
5363
5417
5445
5453
5451
5347
5237
5144
5091
5099
5193
5163
5083
4942
4729
4431
4039
3746
3313
2751
2071
1285
404
2010
2641
3219
3733
4171
4523
4778
4971
5126
5238
5304
5319
5278
5124
4942
4771
4648
4613
4702
4751
4771
4744
4651
4471
4187
3909
3449
2828
2064
1177
184
1573
2167
2708
3190
3609
3960
4238
4467
4665
4814
4897
4896
4796
4596
4348
4104
3918
3843
3934
4130
4318
4473
4567
4574
4467
4173
3659
2950
2073
1055
-76
1094
1650
2156
2607
3001
3333
3602
3832
4042
4206
4294
4279
4135
3831
3471
3132
2892
2831
3026
3432
3852
4246
4576
4802
4885
4632
4079
3266
2230
1013
-346
614
1129
1596
2013
2378
2690
2945
3171
3388
3560
3647
3614
3420
3019
2553
2125
1838
1796
2102
2724
3381
4021
4593
5045
5325
5110
4517
3597
2402
983
-606
122
587
1008
1383
1711
1993
2228
2441
2658
2830
2911
2850
2600
2105
1538
1025
695
676
1097
1930
2817
3697
4504
5175
5646
5487
4872
3863
2526
924
-878
-390
11
372
691
970
1210
1410
1601
1808
1972
2035
1938
1622
1036
370
-224
-595
-587
-48
973
2073
3172
4195
5066
5707
5642
5042
3983
2541
794
-1182
-935
-613
-331
-85
125
304
453
610
795
939
973
828
434
-240
-1006
-1682
-2092
-2057
-1400
-220
1058
2345
3552
4589
5369
5456
4928
3876
2387
551
-1542
-1522
-1304
-1122
-973
-853
-758
-685
-575
-425
-314
-323
-530
-1015
-1781
-2646
-3404
-3855
-3794
-3020
-1727
-315
1114
2459
3619
4492
4807
4429
3460
2002
155
-1979
-2114
-2020
-1956
-1916
-1898
-1897
-1909
-1872
-1791
-1744
-1809
-2063
-2584
-3374
-4252
-5024
-5496
-5476
-4770
-3438
-1978
-488
935
2196
3197
3548
3252
2406
1107
-548
-2463
-2662
-2687
-2736
-2803
-2884
-2974
-3067
-3098
-3081
-3092
-3207
-3502
-4055
-4866
-5755
-6538
-7031
-7050
-6410
-5080
-3613
-2104
-643
677
1765
2178
1990
1294
180
-1257
-2928
-3148
-3285
-3438
-3603
-3773
-3944
-4110
-4202
-4240
-4301
-4459
-4788
-5364
-6190
-7083
-7870
-8377
-8427
-7846
-6558
-5126
-3637
-2180
-840
293
785
721
189
-721
-1926
-3336
-3558
-3791
-4034
-4282
-4528
-4766
-4990
-5132
-5216
-5316
-5506
-5859
-6449
-7276
-8162
-8941
-9449
-9518
-8985
-7779
-6421
-4993
-3578
-2259
-1118
-543
-477
-838
-1542
-2508
-3652
-3875
-4185
-4498
-4809
-5110
-5395
-5658
-5836
-5953
-6081
-6291
-6655
-7245
-8057
-8919
-9673
-10165
-10237
-9734
-8649
-7404
-6075
-4742
-3482
-2373
-1719
-1528
-1723
-2224
-2955
-3837
-4086
-4446
-4804
-5152
-5483
-5789
-6065
-6265
-6400
-6539
-6754
-7114
-7690
-8465
-9280
-9987
-10441
-10494
-10000
-9074
-7979
-6788
-5575
-4413
-3375
-2656
-2355
-2397
-2711
-3222
-3857
-4195
-4562
-4925
-5279
-5616
-5930
-6216
-6419
-6563
-6709
-6921
-7261
-7789
-8475
-9195
-9819
-10218
-10261
-9819
-9010
-8051
-7007
-5942
-4922
-4012
-3259
-2874
-2794
-2953
-3287
-3730
-4227
-4580
-4928
-5266
-5589
-5891
-6166
-6359
-6500
-6641
-6838
-7145
-7614
-8204
-8822
-9356
-9693
-9720
-9324
-8621
-7788
-6880
-5955
-5068
-4275
-3535
-3115
-2960
-3012
-3216
-3514
-4189
-4509
-4825
-5130
-5421
-5692
-5939
-6111
-6237
-6363
-6534
-6796
-7196
-7685
-8198
-8637
-8908
-8915
-8560
-7955
-7238
-6457
-5661
-4897
-4213
-3528
-3115
-2927
-2915
-3032
-3228
-4088
-4361
-4629
-4886
-5130
-5356
-5560
-5701
-5803
-5903
-6038
-6246
-6565
-6953
-7358
-7702
-7905
-7889
-7574
-7057
-6448
-5785
-5109
-4458
-3874
-3282
-2914
-2730
-2691
-2758
-2890
-3932
-4146
-4353
-4551
-4735
-4903
-5052
-5154
-5223
-5288
-5379
-5525
-5755
-6041
-6340
-6589
-6726
-6688
-6414
-5976
-5465
-4911
-4346
-3801
-3308
-2841
-2549
-2403
-2369
-2418
-2518
-3730
-3875
-4012
-4140
-4255
-4356
-4441
-4495
-4524
-4547
-4586
-4662
-4796
-4984
-5180
-5337
-5411
-5355
-5126
-4759
-4337
-3884
-3422
-2974
-2563
-2248
-2061
-1978
-1977
-2036
-2131
-3500
-3575
-3646
-3707
-3754
-3783
-3790
-3771
-3731
-3690
-3670
-3690
-3772
-3880
-4007
-4109
-4143
-4066
-3833
-3523
-3170
-2797
-2424
-2075
-1769
-1514
-1391
-1377
-1451
-1591
-1776
-3254
-3262
-3267
-3263
-3243
-3202
-3132
-3038
-2926
-2819
-2736
-2699
-2726
-2768
-2839
-2900
-2908
-2821
-2598
-2338
-2048
-1747
-1457
-1199
-993
-804
-751
-813
-969
-1198
-1480
-2984
-2923
-2861
-2791
-2704
-2591
-2444
-2269
-2083
-1906
-1757
-1657
-1627
-1612
-1640
-1669
-1662
-1577
-1375
-1158
-922
-687
-472
-299
-185
-75
-104
-253
-503
-833
-1223
-2683
-2548
-2416
-2275
-2117
-1928
-1700
-1441
-1175
-922
-702
-536
-442
-380
-371
-378
-364
-289
-117
64
253
430
577
674
702
718
589
335
-24
-472
-988
-2342
-2127
-1918
-1701
-1463
-1193
-877
-526
-174
159
456
696
858
963
1001
1011
1027
1085
1221
1376
1526
1654
1740
1769
1721
1619
1369
988
495
-91
-755
-1954
-1650
-1353
-1050
-725
-363
50
499
944
1368
1749
2069
2309
2451
2517
2540
2553
2592
2690
2825
2945
3031
3066
3034
2918
2671
2272
1738
1085
331
-507
