                   00002001.B0l 1
                      g_glb.dat 	  10.21 	   4.14 	   1.29 	   3.93 	   4.07 	   1.57 	   0.93 	   1.57
                      g_dir.dat 	  29.00 	   0.00 	  13.00
                     g_step.dat 	   3.57 	  55.00 	  16.00 	  42.00 	   2.42 	  17.00 	  15.00 	  24.00
                    max_min.dat	    1.51	    0.99	    0.82	    0.91	    0.80	    0.64	    0.58	    0.53	    0.51	    0.53	    0.61	    0.81	    1.06	    1.21	    1.21	    1.07	    0.93	    0.83	    0.80	    0.82	    0.92	    1.02	    1.02	    0.92	    0.80	    0.69	    0.61	    0.50	    0.39	    0.30	    0.25	    0.21	    0.21	    0.20	    0.20	    0.20	    0.20	    0.20	    0.20	    0.21	    0.22	    0.23	    0.24	    0.25	    0.26	    0.27	    0.28	    0.29	    0.31	    0.33	    0.34	    0.35	    0.36	    0.37	    0.38	    0.39	    0.41	    0.43	    0.45	    0.47	    0.48	    0.48	    0.48	    0.53
                    cor_max.dat 	  0.69 	  0.68 	  0.76 	  0.66 	  0.46 	  0.38 	  0.44 	  0.55  
                     correl.dat	    0.26	    0.49	    0.55	    0.60	    0.64	    0.66	    0.66	    0.66	    0.65	    0.64	    0.61	    0.57	    0.53	    0.52	    0.53	    0.56	    0.60	    0.62	    0.61	    0.58	    0.56	    0.56	    0.58	    0.63	    0.69	    0.74	    0.77	    0.80	    0.82	    0.83	    0.85	    0.86	    0.86	    0.87	    0.87	    0.87	    0.87	    0.87	    0.87	    0.87	    0.86	    0.86	    0.86	    0.85	    0.85	    0.84	    0.83	    0.83	    0.82	    0.81	    0.80	    0.80	    0.79	    0.78	    0.78	    0.76	    0.75	    0.74	    0.73	    0.71	    0.69	    0.67	    0.65	    0.62
               max_minValue.dat	   -0.27	   -0.34	   -0.24	    1.07	   -0.21	   -0.29	  688.00	 -456.00	  606.00	 -614.00	  537.00	 -653.00	  571.00	 -627.00	  542.00	 -679.00	  512.00	 -799.00	  512.00	 -888.00	  510.00	 -959.00	  505.00	 -982.00	  497.00	 -937.00	  523.00	 -855.00	  622.00	 -765.00	  728.00	 -688.00	  784.00	 -646.00	  793.00	 -658.00	  786.00	 -737.00	  781.00	 -844.00	  778.00	 -936.00	  786.00	 -985.00	  832.00	 -1014.00	  938.00	 -1021.00	 1056.00	 -1040.00	 1128.00	 -1103.00	 1142.00	 -1236.00	 1114.00	 -1392.00	 1082.00	 -1561.00	 1059.00	 -1733.00	 1000.00	 -1983.00	  892.00	 -2265.00	  780.00	 -2575.00	  730.00	 -2884.00	  676.00	 -3197.00	  676.00	 -3197.00	  664.00	 -3272.00	  658.00	 -3323.00	  658.00	 -3360.00	  660.00	 -3383.00	  669.00	 -3394.00	  685.00	 -3375.00	  696.00	 -3342.00	  711.00	 -3289.00	  726.00	 -3213.00	  737.00	 -3125.00	  743.00	 -3014.00	  746.00	 -2880.00	  738.00	 -2741.00	  726.00	 -2586.00	  709.00	 -2425.00	  678.00	 -2178.00	  657.00	 -2014.00	  629.00	 -1850.00	  594.00	 -1693.00	  558.00	 -1549.00	  515.00	 -1404.00	  485.00	 -1273.00	  454.00	 -1152.00	  425.00	 -1035.00	  397.00	 -926.00	  364.00	 -817.00	  334.00	 -716.00	  297.00	 -622.00	  260.00	 -545.00	  224.00	 -465.00	  207.00	 -394.00
                    cor_cor.dat 	  0.85 	  0.79 	  0.87 	  0.88 	  0.96 	  0.97 	  0.95 	  0.96  
                  direction.dat	    0.70	    0.30	    0.18	    0.09	    0.12	    0.25	    0.28	    0.28	    0.27	    0.30	    0.27	    0.25	    0.25	    0.25	    0.25	    0.25	    0.25	    0.28	    0.28	    0.30	    0.30	    0.28	    0.25	    0.25	    0.17	    0.13	    0.13	    0.12	    0.17	    0.20	    0.17	    0.15	    0.15	    0.15	    0.15	    0.14	    0.14	    0.14	    0.15	    0.15	    0.15	    0.15	    0.15	    0.14	    0.14	    0.14	    0.13	    0.13	    0.13	    0.13	    0.13	    0.13	    0.12	    0.12	    0.12	    0.12	    0.12	    0.13	    0.13	    0.13	    0.12	    0.11	    0.25	    0.41
                    cor_dir.dat 	 -0.80 	 -0.83 	 -0.79 	 -0.72 	  0.32 	 -0.68 	 -0.68 	  0.67  
                 StepPoints.dat 	 0.28 	 0.64 	 0.70 	 0.53 	 0.48 	 0.62 	 0.56 	 0.50 	 0.59 	 0.59 	 0.66 	 0.62 	 0.48 	 0.55 	 0.62 	 0.52 	 0.59
                 PointsComp.dat 	 0.26
                dir_changes.dat	    0.00	   -0.41	   -0.12	   -0.09	    0.03	    0.13	    0.03	    0.00	   -0.00	    0.02	   -0.02	   -0.02	    0.00	    0.00	    0.00	    0.00	    0.00	    0.03	    0.00	    0.03	    0.00	   -0.03	   -0.03	    0.00	   -0.08	   -0.04	    0.00	   -0.01	    0.06	    0.03	   -0.03	   -0.02	    0.00	    0.00	    0.00	   -0.01	    0.00	    0.00	    0.01	    0.00	    0.00	    0.01	    0.00	   -0.02	    0.00	    0.00	   -0.01	    0.00	    0.00	    0.00	    0.00	    0.00	   -0.01	    0.00	    0.00	    0.00	    0.00	    0.01	    0.00	    0.00	   -0.01	   -0.01	    0.14	    0.16
            cor_dir_changes.dat 	 -0.76 	 -0.81 	 -0.23 	  0.00 	  0.30 	 -0.27 	 -0.25 	  0.30  
