C:\mcg1204\averaged\00005303.000\00005303.r0l 
20 30
64 751
1931
1002
182
-370
-498
-41
1158
2945
4908
6822
8459
9594
10000
9650
8830
7778
6733
5934
5622
5828
6349
7065
7855
8602
9184
9282
8739
7672
6203
4449
2532
1048
512
60
-172
-50
563
1802
3400
5136
6820
8263
9275
9666
9522
8969
8201
7413
6802
6562
6581
6851
7275
7754
8192
8490
8488
7955
6990
5690
4153
2476
234
62
-50
9
353
1095
2347
3769
5290
6758
8020
8922
9311
9351
9041
8534
7981
7533
7342
7207
7260
7426
7627
7790
7838
7725
7195
6322
5183
3853
2408
-489
-330
-137
180
712
1549
2779
4040
5363
6631
7728
8536
8940
9136
9045
8772
8428
8118
7951
7695
7564
7504
7462
7383
7213
6983
6447
5660
4674
3544
2324
-1099
-650
-191
344
1025
1916
3084
4204
5348
6435
7385
8119
8556
8881
8978
8913
8748
8548
8376
8032
7750
7498
7244
6956
6602
6248
5702
4993
4156
3220
2218
-1573
-880
-201
507
1289
2188
3249
4250
5236
6164
6991
7672
8164
8586
8841
8951
8935
8813
8605
8206
7805
7393
6960
6495
5990
5509
4948
4315
3621
2875
2089
-1888
-1002
-156
672
1504
2360
3261
4167
5020
5814
6542
7195
7768
8252
8632
8883
8982
8904
8626
8203
7716
7177
6597
5989
5364
4754
4175
3615
3062
2505
1931
-2078
-1182
-323
521
1371
2248
3172
4021
4820
5561
6238
6843
7369
7897
8323
8623
8773
8748
8523
7998
7412
6780
6111
5420
4717
4172
3665
3184
2716
2250
1772
-2208
-1321
-468
372
1221
2099
3028
3826
4577
5274
5908
6472
6959
7519
7981
8319
8509
8526
8344
7731
7062
6350
5608
4848
4083
3604
3169
2767
2384
2009
1628
-2293
-1437
-612
202
1028
1886
2797
3555
4269
4930
5532
6066
6524
7096
7573
7929
8139
8177
8018
7350
6632
5875
5093
4299
3504
3080
2707
2373
2065
1770
1475
-2350
-1549
-776
-11
767
1581
2450
3181
3870
4510
5092
5608
6050
6604
7066
7410
7611
7641
7474
6805
6089
5340
4571
3795
3024
2633
2300
2012
1757
1520
1290
-2395
-1675
-981
-292
413
1155
1956
2676
3357
3990
4568
5083
5525
6021
6429
6722
6873
6855
6642
6042
5401
4732
4047
3360
2686
2294
1968
1694
1458
1248
1049
-2446
-1835
-1248
-664
-60
582
1287
2013
2704
3350
3943
4474
4935
5324
5629
5821
5873
5758
5450
5011
4535
4036
3526
3020
2532
2097
1734
1429
1169
940
729
-2518
-2072
-1641
-1195
-706
-143
521
1290
2045
2754
3389
3919
4314
4517
4611
4601
4496
4302
4027
3775
3530
3287
3044
2797
2541
2218
1872
1508
1128
737
338
-2613
-2325
-2043
-1731
-1350
-862
-229
579
1396
2167
2842
3368
3696
3711
3590
3376
3110
2834
2589
2540
2540
2571
2609
2636
2629
2403
2061
1622
1109
542
-57
-2722
-2585
-2446
-2261
-1981
-1560
-953
-110
760
1586
2293
2810
3063
2898
2573
2164
1747
1398
1194
1344
1588
1888
2206
2503
2742
2618
2284
1776
1135
396
-400
-2836
-2843
-2840
-2772
-2586
-2226
-1637
-773
140
1008
1737
2232
2398
2076
1569
988
442
43
-98
229
695
1243
1818
2365
2828
2829
2526
1973
1226
339
-630
-2947
-3089
-3213
-3256
-3155
-2847
-2268
-1399
-460
433
1166
1621
1683
1239
586
-133
-772
-1186
-1231
-765
-118
637
1429
2185
2832
3001
2772
2215
1404
412
-688
-3047
-3315
-3556
-3701
-3675
-3410
-2832
-1981
-1039
-142
571
965
901
383
-369
-1178
-1863
-2245
-2145
-1600
-830
74
1025
1931
2703
3101
3005
2506
1693
656
-515
-3116
-3425
-3707
-3898
-3935
-3754
-3292
-2531
-1683
-871
-220
147
109
-399
-1114
-1873
-2515
-2878
-2800
-2170
-1335
-374
629
1596
2446
2844
2802
2398
1715
832
-167
-3147
-3481
-3788
-4012
-4096
-3986
-3625
-2963
-2220
-1505
-927
-595
-617
-1088
-1736
-2417
-2987
-3302
-3217
-2554
-1703
-738
268
1246
2122
2542
2572
2285
1752
1046
238
-3142
-3488
-3806
-4048
-4166
-4112
-3838
-3283
-2653
-2042
-1545
-1256
-1271
-1681
-2239
-2819
-3294
-3539
-3426
-2769
-1946
-1018
-49
896
1757
2210
2326
2166
1795
1276
671
-3106
-3451
-3766
-4012
-4149
-4137
-3936
-3494
-2982
-2480
-2070
-1830
-1842
-2176
-2628
-3090
-3455
-3612
-3454
-2838
-2073
-1215
-317
565
1379
1867
2069
2039
1832
1502
1104
-3045
-3373
-3672
-3909
-4052
-4069
-3928
-3600
-3209
-2819
-2498
-2310
-2322
-2569
-2906
-3241
-3484
-3545
-3332
-2779
-2096
-1330
-527
269
1013
1528
1810
1903
1853
1705
1504
-2961
-3261
-3530
-3745
-3881
-3913
-3819
-3606
-3336
-3059
-2826
-2691
-2703
-2860
-3077
-3281
-3400
-3360
-3090
-2612
-2025
-1366
-670
26
686
1212
1557
1756
1846
1863
1845
-2866
-3098
-3308
-3481
-3602
-3655
-3626
-3502
-3334
-3159
-3013
-2934
-2960
-3039
-3157
-3252
-3265
-3136
-2804
-2361
-1837
-1262
-666
-79
468
1029
1430
1703
1876
1980
2044
-2766
-2919
-3058
-3178
-3272
-3334
-3359
-3315
-3239
-3154
-3085
-3053
-3083
-3106
-3146
-3154
-3083
-2885
-2514
-2082
-1597
-1083
-564
-62
396
937
1341
1632
1834
1970
2065
-2657
-2719
-2775
-2829
-2884
-2944
-3011
-3038
-3047
-3046
-3046
-3054
-3080
-3063
-3040
-2976
-2836
-2586
-2190
-1756
-1296
-829
-372
57
443
919
1281
1546
1732
1856
1935
-2534
-2493
-2454
-2430
-2434
-2478
-2576
-2669
-2758
-2836
-2899
-2942
-2960
-2911
-2835
-2708
-2509
-2215
-1805
-1362
-922
-497
-97
265
582
958
1242
1446
1580
1657
1685
-2393
-2236
-2089
-1975
-1915
-1932
-2046
-2204
-2370
-2525
-2649
-2725
-2731
-2654
-2527
-2340
-2084
-1750
-1327
-881
-466
-87
251
543
786
1036
1217
1333
1390
1393
1345
-2231
-1944
-1676
-1458
-1322
-1297
-1416
-1638
-1881
-2113
-2299
-2407
-2403
-2294
-2112
-1862
-1545
-1167
-729
-292
84
403
666
874
1030
1136
1197
1210
1173
1085
944
