                   00005303.B0l 1
                      g_glb.dat 	   8.14 	   2.36 	   3.79 	   1.36 	   6.14 	   3.71 	   1.21 	   1.21
                      g_dir.dat 	 102.00 	 -36.00 	  53.00
                     g_step.dat 	   4.10 	  30.00 	  64.00 	  24.00 	   2.97 	  40.00 	  21.00 	  18.00
                    max_min.dat	    1.30	    0.76	    0.67	    0.59	    0.56	    0.50	    0.64	    0.63	    0.79	    1.09	    1.09	    1.00	    0.95	    0.98	    1.21	    1.87	    2.33	    2.32	    2.10	    1.84	    1.83	    1.71	    1.43	    1.24	    1.16	    1.16	    1.19	    1.18	    1.12	    1.03	    0.98	    0.97	    0.97	    0.97	    0.97	    0.97	    0.97	    0.97	    0.98	    0.98	    0.98	    0.98	    0.99	    1.00	    1.01	    1.02	    1.04	    1.06	    1.08	    1.11	    1.14	    1.17	    1.22	    1.28	    1.38	    1.48	    1.55	    1.69	    1.86	    2.03	    2.23	    2.53	    2.66	    2.62
                    cor_max.dat 	  0.66 	  0.62 	  0.64 	  0.79 	  0.81 	  0.82 	  0.84 	  0.80  
                     correl.dat	    0.48	    0.39	    0.29	    0.36	    0.39	    0.37	    0.35	    0.44	    0.55	    0.59	    0.59	    0.61	    0.60	    0.58	    0.54	    0.53	    0.54	    0.58	    0.64	    0.66	    0.67	    0.70	    0.73	    0.77	    0.79	    0.81	    0.83	    0.84	    0.86	    0.87	    0.88	    0.89	    0.89	    0.90	    0.90	    0.90	    0.90	    0.90	    0.90	    0.90	    0.90	    0.90	    0.89	    0.89	    0.89	    0.89	    0.88	    0.88	    0.87	    0.87	    0.86	    0.85	    0.84	    0.83	    0.82	    0.81	    0.80	    0.79	    0.77	    0.75	    0.74	    0.72	    0.71	    0.69
               max_minValue.dat	   -0.06	    0.21	   -0.17	    1.87	   -0.97	    1.06	  122.00	  -94.00	   88.00	 -116.00	  100.00	 -150.00	  106.00	 -180.00	  109.00	 -196.00	   97.00	 -193.00	  115.00	 -180.00	  106.00	 -167.00	  112.00	 -142.00	  126.00	 -116.00	  137.00	 -126.00	  127.00	 -127.00	  135.00	 -142.00	  127.00	 -130.00	  121.00	 -100.00	  148.00	  -79.00	  196.00	  -84.00	  211.00	  -91.00	  208.00	  -99.00	  199.00	 -108.00	  210.00	 -115.00	  234.00	 -137.00	  258.00	 -181.00	  300.00	 -242.00	  340.00	 -294.00	  378.00	 -327.00	  434.00	 -366.00	  487.00	 -411.00	  523.00	 -469.00	  554.00	 -539.00	  578.00	 -590.00	  595.00	 -616.00	  595.00	 -616.00	  596.00	 -616.00	  594.00	 -613.00	  592.00	 -609.00	  588.00	 -606.00	  582.00	 -598.00	  575.00	 -586.00	  566.00	 -578.00	  560.00	 -571.00	  549.00	 -558.00	  538.00	 -543.00	  525.00	 -525.00	  513.00	 -508.00	  498.00	 -486.00	  483.00	 -465.00	  467.00	 -440.00	  450.00	 -416.00	  431.00	 -388.00	  412.00	 -361.00	  394.00	 -336.00	  374.00	 -307.00	  355.00	 -278.00	  344.00	 -250.00	  334.00	 -225.00	  327.00	 -211.00	  316.00	 -187.00	  305.00	 -164.00	  288.00	 -142.00	  274.00	 -123.00	  261.00	 -103.00	  247.00	  -93.00	  233.00	  -89.00
                    cor_cor.dat 	  0.72 	  0.72 	  0.67 	  0.75 	  0.98 	  0.99 	  0.98 	  0.97  
                  direction.dat	    0.66	    0.75	    0.75	    0.75	    0.50	    0.50	    0.75	    0.75	    0.50	    0.18	    0.18	    0.34	    0.50	    0.50	    0.75	    0.18	    0.18	    0.17	    0.17	    0.17	    0.12	    0.17	    0.17	    0.27	    0.27	    0.27	    0.27	    0.27	    0.27	    0.27	    0.27	    0.29	    0.29	    0.29	    0.29	    0.29	    0.29	    0.29	    0.29	    0.29	    0.30	    0.30	    0.30	    0.31	    0.31	    0.30	    0.30	    0.30	    0.30	    0.30	    0.30	    0.30	    0.30	    0.30	    0.31	    0.31	    0.31	    0.32	    0.32	    0.32	    0.32	    0.32	    0.32	    0.14
                    cor_dir.dat 	 -0.54 	 -0.62 	 -0.50 	 -0.48 	 -0.24 	 -0.49 	 -0.45 	  0.41  
                 StepPoints.dat 	 0.31 	 0.44 	 0.34 	 0.62 	 0.61 	 0.62 	 0.61 	 0.58 	 0.62 	 0.55 	 0.64 	 0.53 	 0.58 	 0.58 	 0.55 	 0.52 	 0.62
                 PointsComp.dat 	 0.26
                dir_changes.dat	    0.00	    0.09	    0.00	    0.00	   -0.25	    0.00	    0.25	    0.00	   -0.25	   -0.32	    0.00	    0.15	    0.16	    0.00	    0.25	   -0.57	    0.00	   -0.01	    0.00	   -0.00	   -0.05	    0.05	    0.00	    0.10	    0.00	    0.00	    0.00	    0.00	    0.00	    0.00	    0.00	    0.02	    0.00	    0.00	    0.00	    0.00	    0.00	    0.00	    0.00	    0.00	    0.02	    0.00	    0.00	    0.00	    0.00	   -0.00	    0.00	    0.00	    0.00	    0.00	   -0.00	    0.00	    0.00	    0.00	    0.01	   -0.00	    0.00	    0.01	    0.00	    0.00	    0.00	    0.00	    0.00	   -0.18
            cor_dir_changes.dat 	  0.24 	  0.55 	 -0.25 	 -0.00 	 -0.13 	  0.00 	  0.20 	 -0.13  
