D:\SOFTMAG\cryoton\averaged\00001204.000\00001204.R0l 
20 30
64 754
863
907
946
984
1022
1064
1113
1157
1187
1210
1230
1255
1289
1345
1408
1440
1404
1262
976
600
227
-124
-435
-688
-863
-909
-803
-563
-207
244
775
934
1020
1098
1171
1240
1304
1367
1415
1451
1479
1504
1529
1559
1615
1677
1718
1713
1637
1464
1184
905
640
402
203
56
-20
6
122
316
574
885
989
1109
1220
1322
1414
1495
1565
1611
1648
1676
1700
1721
1742
1792
1845
1888
1908
1892
1825
1645
1464
1289
1128
985
870
781
745
755
805
888
996
1029
1176
1312
1435
1544
1634
1703
1744
1776
1800
1817
1829
1836
1871
1907
1943
1979
2013
2044
1971
1895
1818
1740
1663
1585
1500
1418
1338
1259
1182
1104
1054
1220
1373
1511
1627
1718
1780
1810
1832
1847
1854
1851
1839
1847
1855
1873
1914
1988
2105
2150
2191
2223
2241
2239
2212
2144
2029
1872
1678
1454
1204
1065
1241
1404
1547
1663
1747
1793
1807
1815
1815
1806
1785
1749
1717
1683
1670
1702
1801
1992
2170
2343
2500
2629
2718
2757
2718
2581
2359
2062
1703
1292
1063
1241
1404
1543
1650
1718
1739
1732
1721
1702
1672
1627
1564
1475
1384
1324
1331
1441
1689
2020
2345
2646
2905
3105
3229
3228
3079
2801
2411
1926
1364
1054
1224
1377
1505
1600
1653
1656
1635
1617
1591
1544
1467
1348
1179
1005
878
851
975
1304
1751
2211
2658
3065
3407
3657
3685
3517
3178
2695
2093
1400
1039
1199
1341
1456
1537
1575
1561
1526
1501
1466
1403
1294
1120
870
612
416
352
489
897
1455
2044
2631
3181
3658
4028
4091
3908
3513
2941
2228
1408
1006
1150
1275
1372
1433
1449
1411
1358
1320
1272
1188
1042
808
471
125
-143
-248
-102
380
1047
1765
2492
3183
3795
4285
4402
4224
3793
3153
2348
1421
945
1062
1159
1227
1258
1241
1168
1085
1024
953
837
643
338
-91
-532
-882
-1035
-888
-337
444
1296
2167
3004
3757
4372
4578
4439
4007
3334
2472
1473
847
921
974
996
979
913
789
661
562
451
287
30
-361
-894
-1441
-1880
-2091
-1952
-1343
-437
558
1584
2578
3480
4230
4575
4526
4143
3487
2618
1597
700
709
697
653
568
432
237
41
-117
-289
-522
-864
-1364
-2012
-2677
-3218
-3500
-3382
-2728
-1681
-526
669
1835
2903
3804
4353
4458
4189
3615
2804
1827
518
452
364
242
76
-145
-434
-720
-965
-1221
-1539
-1972
-2570
-3331
-4098
-4728
-5077
-5003
-4363
-3193
-1893
-535
809
2070
3174
3868
4121
4003
3586
2942
2142
330
187
23
-175
-422
-730
-1112
-1489
-1820
-2160
-2563
-3086
-3781
-4653
-5519
-6233
-6648
-6614
-5986
-4704
-3273
-1764
-253
1186
2482
3333
3744
3789
3542
3076
2466
141
-70
-304
-575
-897
-1285
-1754
-2215
-2626
-3045
-3528
-4135
-4924
-5895
-6851
-7639
-8108
-8105
-7478
-6113
-4576
-2945
-1295
297
1756
2763
3331
3537
3457
3168
2745
-39
-309
-600
-930
-1315
-1770
-2314
-2850
-3331
-3817
-4370
-5051
-5921
-6975
-8003
-8849
-9356
-9366
-8723
-7315
-5715
-4003
-2255
-551
1029
2174
2883
3235
3307
3178
2928
-205
-514
-845
-1216
-1644
-2150
-2749
-3344
-3879
-4417
-5024
-5763
-6699
-7811
-8887
-9766
-10286
-10286
-9603
-8208
-6602
-4864
-3076
-1317
329
1584
2405
2872
3066
3068
2960
-350
-673
-1019
-1406
-1854
-2384
-3016
-3648
-4216
-4786
-5425
-6201
-7183
-8321
-9414
-10295
-10797
-10754
-10000
-8690
-7147
-5455
-3696
-1954
-312
1008
1897
2436
2709
2799
2790
-464
-778
-1115
-1495
-1940
-2471
-3110
-3768
-4369
-4971
-5631
-6407
-7357
-8412
-9418
-10223
-10678
-10634
-9941
-8689
-7230
-5641
-3995
-2368
-834
444
1330
1898
2222
2379
2442
-547
-836
-1147
-1503
-1927
-2442
-3071
-3735
-4351
-4966
-5628
-6385
-7284
-8246
-9153
-9872
-10270
-10215
-9573
-8404
-7056
-5596
-4090
-2605
-1207
-12
829
1384
1719
1901
1994
-604
-853
-1124
-1442
-1831
-2316
-2921
-3575
-4190
-4802
-5449
-6169
-7001
-7862
-8664
-9291
-9625
-9551
-8952
-7887
-6669
-5358
-4012
-2688
-1445
-368
394
902
1212
1384
1474
-637
-835
-1056
-1325
-1668
-2112
-2683
-3313
-3911
-4506
-5125
-5795
-6545
-7303
-7996
-8527
-8794
-8698
-8139
-7189
-6114
-4964
-3789
-2639
-1563
-632
24
456
714
848
907
-651
-791
-952
-1164
-1454
-1849
-2377
-2972
-3543
-4110
-4689
-5298
-5955
-6609
-7194
-7628
-7828
-7710
-7192
-6362
-5434
-4450
-3452
-2480
-1576
-813
-283
52
237
312
319
-650
-725
-823
-973
-1205
-1546
-2027
-2577
-3113
-3642
-4173
-4712
-5269
-5822
-6302
-6644
-6780
-6644
-6170
-5458
-4675
-3855
-3030
-2234
-1501
-917
-529
-303
-205
-202
-262
-642
-671
-723
-824
-1002
-1281
-1689
-2174
-2648
-3119
-3594
-4080
-4585
-5055
-5464
-5749
-5847
-5694
-5228
-4631
-3974
-3289
-2606
-1958
-1375
-900
-616
-492
-497
-599
-767
-633
-623
-636
-696
-827
-1051
-1394
-1816
-2230
-2644
-3065
-3499
-3954
-4360
-4715
-4961
-5038
-4886
-4446
-3933
-3370
-2788
-2216
-1684
-1221
-839
-645
-610
-705
-898
-1161
-619
-574
-553
-576
-664
-838
-1119
-1477
-1831
-2187
-2553
-2934
-3339
-3694
-4010
-4231
-4301
-4164
-3765
-3311
-2818
-2315
-1830
-1390
-1023
-727
-617
-665
-841
-1119
-1470
-597
-518
-463
-450
-497
-622
-843
-1134
-1423
-1718
-2026
-2352
-2703
-3017
-3304
-3511
-3585
-3474
-3126
-2714
-2275
-1834
-1418
-1053
-765
-557
-530
-660
-919
-1281
-1721
-563
-448
-358
-307
-311
-385
-544
-761
-980
-1208
-1451
-1715
-2007
-2288
-2553
-2753
-2838
-2760
-2470
-2091
-1696
-1308
-951
-652
-433
-319
-383
-602
-950
-1404
-1939
-513
-358
-227
-133
-89
-107
-200
-334
-475
-627
-797
-991
-1214
-1466
-1712
-1909
-2009
-1967
-1739
-1390
-1036
-698
-400
-163
-12
-5
-174
-496
-948
-1507
-2152
