                   00001204.B0l 1
                      g_glb.dat 	   2.22 	   0.33 	   0.33 	   1.44 	   7.56 	   5.44 	   0.78 	   1.33
                      g_dir.dat 	   0.00 	   0.00 	   0.00
                     g_step.dat 	   0.71 	   2.00 	   4.00 	  12.00 	   1.94 	  44.00 	   7.00 	  12.00
                    max_min.dat	    0.54	    0.61	    0.66	    0.70	    0.72	    0.70	    0.68	    0.66	    0.66	    0.70	    0.78	    0.89	    1.04	    1.18	    1.31	    1.42	    1.49	    1.51	    1.37	    1.30	    1.30	    1.35	    1.44	    1.54	    1.62	    1.64	    1.59	    1.49	    1.37	    1.25	    1.14	    1.06	    1.06	    1.03	    1.01	    0.99	    0.97	    0.95	    0.94	    0.93	    0.92	    0.92	    0.91	    0.91	    0.94	    0.96	    0.98	    1.00	    1.00	    1.01	    1.00	    0.99	    0.97	    0.94	    0.90	    0.86	    0.81	    0.76	    0.70	    0.61	    0.51	    0.46	    0.42	    0.38
                    cor_max.dat 	  0.59 	  0.48 	  0.72 	  0.73 	  0.78 	  0.83 	  0.79 	  0.70  
                     correl.dat	   -0.10	    0.42	    0.49	    0.51	    0.52	    0.51	    0.50	    0.48	    0.48	    0.51	    0.56	    0.63	    0.68	    0.72	    0.75	    0.76	    0.77	    0.77	    0.76	    0.75	    0.76	    0.78	    0.81	    0.83	    0.85	    0.86	    0.87	    0.88	    0.88	    0.88	    0.87	    0.86	    0.86	    0.86	    0.86	    0.85	    0.85	    0.85	    0.84	    0.84	    0.84	    0.83	    0.83	    0.83	    0.82	    0.82	    0.82	    0.82	    0.81	    0.81	    0.81	    0.81	    0.81	    0.81	    0.80	    0.80	    0.79	    0.78	    0.76	    0.73	    0.69	    0.65	    0.62	    0.58
               max_minValue.dat	    0.12	    0.68	   -0.40	    1.42	    1.06	   -1.00	  288.00	 -535.00	  387.00	 -634.00	  447.00	 -680.00	  489.00	 -703.00	  527.00	 -734.00	  549.00	 -780.00	  560.00	 -827.00	  570.00	 -865.00	  589.00	 -891.00	  629.00	 -901.00	  699.00	 -899.00	  800.00	 -894.00	  921.00	 -889.00	 1053.00	 -893.00	 1196.00	 -911.00	 1342.00	 -946.00	 1497.00	 -1002.00	 1666.00	 -1101.00	 1847.00	 -1353.00	 2060.00	 -1587.00	 2309.00	 -1781.00	 2606.00	 -1929.00	 2946.00	 -2041.00	 3311.00	 -2144.00	 3678.00	 -2270.00	 4004.00	 -2445.00	 4257.00	 -2676.00	 4413.00	 -2956.00	 4466.00	 -3255.00	 4417.00	 -3534.00	 4282.00	 -3741.00	 4075.00	 -3852.00	 4075.00	 -3852.00	 3989.00	 -3861.00	 3900.00	 -3853.00	 3803.00	 -3832.00	 3646.00	 -3768.00	 3534.00	 -3706.00	 3418.00	 -3627.00	 3295.00	 -3536.00	 3168.00	 -3431.00	 3036.00	 -3311.00	 2899.00	 -3183.00	 2768.00	 -3046.00	 2669.00	 -2829.00	 2583.00	 -2677.00	 2479.00	 -2526.00	 2364.00	 -2374.00	 2236.00	 -2226.00	 2096.00	 -2082.00	 1950.00	 -1941.00	 1796.00	 -1808.00	 1562.00	 -1617.00	 1404.00	 -1499.00	 1251.00	 -1387.00	 1101.00	 -1283.00	  958.00	 -1182.00	  822.00	 -1087.00	  698.00	 -999.00	  582.00	 -958.00	  461.00	 -908.00	  401.00	 -874.00	  348.00	 -838.00	  304.00	 -799.00
                    cor_cor.dat 	  0.74 	  0.65 	  0.78 	  0.76 	  0.96 	  0.96 	  0.95 	  0.97  
                  direction.dat	   -0.25	   -0.25	   -0.25	   -0.25	   -0.25	   -0.22	   -0.22	   -0.22	   -0.22	   -0.22	   -0.25	   -0.25	   -0.25	   -0.25	   -0.23	   -0.23	   -0.20	   -0.18	   -0.15	   -0.11	   -0.11	   -0.11	   -0.12	   -0.13	   -0.13	   -0.14	   -0.13	   -0.13	   -0.11	   -0.09	   -0.07	   -0.07	   -0.07	   -0.07	   -0.07	   -0.07	   -0.08	   -0.10	   -0.10	   -0.12	   -0.12	   -0.15	   -0.17	   -0.17	   -0.19	   -0.19	   -0.21	   -0.21	   -0.21	   -0.21	   -0.21	   -0.21	   -0.21	   -0.21	   -0.21	   -0.21	   -0.19	   -0.20	   -0.18	   -0.12	   -0.02	   -0.02	   -0.02	    0.02
                    cor_dir.dat 	  0.79 	  0.78 	  0.80 	  0.81 	  0.43 	  0.82 	  0.55 	  0.24  
                 StepPoints.dat 	 0.16 	 0.55 	 0.52 	 0.53 	 0.52 	 0.48 	 0.58 	 0.50 	 0.55 	 0.53 	 0.62 	 0.48 	 0.53 	 0.47 	 0.53 	 0.55 	 0.53
                 PointsComp.dat 	 0.12
                dir_changes.dat	    0.00	    0.00	    0.00	    0.00	    0.00	    0.03	    0.00	    0.00	   -0.00	    0.00	   -0.03	    0.00	    0.00	    0.00	    0.02	    0.00	    0.03	    0.02	    0.02	    0.04	    0.00	    0.00	   -0.01	   -0.01	    0.00	   -0.01	    0.01	    0.00	    0.02	    0.02	    0.02	    0.00	    0.00	    0.00	    0.00	    0.00	   -0.01	   -0.02	    0.00	   -0.02	    0.00	   -0.03	   -0.02	    0.00	   -0.02	    0.00	   -0.02	    0.00	    0.00	    0.00	    0.00	    0.00	    0.00	    0.00	    0.00	    0.00	    0.02	   -0.02	    0.02	    0.06	    0.10	    0.00	    0.00	    0.04
            cor_dir_changes.dat 	  0.00 	  0.00 	  0.00 	  0.00 	  0.07 	  0.00 	 -0.23 	  0.08  
