D:\SOFTMAG\AVERAGED\00004501.000\00004501.r0l 
20 30
64 673
2058
2311
2543
2768
3001
3258
3555
3870
4164
4421
4623
4755
4802
4781
4713
4576
4354
4026
3575
3064
2578
2128
1722
1370
1081
880
780
773
847
994
1205
1604
1922
2223
2523
2838
3183
3575
3946
4301
4622
4895
5104
5235
5284
5277
5205
5056
4820
4486
4104
3734
3380
3049
2745
2475
2218
2015
1862
1752
1681
1643
1170
1540
1900
2264
2649
3071
3548
3962
4363
4736
5067
5341
5543
5660
5716
5708
5633
5488
5271
5015
4756
4497
4237
3980
3725
3426
3136
2852
2574
2300
2029
772
1176
1574
1982
2418
2899
3440
3890
4331
4750
5131
5462
5729
5916
6034
6090
6089
6036
5937
5806
5659
5493
5305
5093
4853
4528
4164
3764
3331
2869
2379
432
840
1248
1672
2130
2639
3216
3702
4183
4646
5078
5465
5796
6054
6236
6358
6431
6472
6492
6488
6454
6384
6269
6104
5882
5543
5119
4617
4043
3406
2711
168
543
922
1325
1767
2267
2843
3370
3896
4410
4898
5348
5749
6079
6327
6516
6666
6801
6942
7070
7154
7184
7148
7035
6834
6494
6023
5431
4729
3929
3041
0
294
600
933
1313
1758
2286
2866
3450
4026
4583
5108
5592
5996
6312
6570
6800
7032
7297
7563
7772
7909
7958
7904
7733
7403
6896
6225
5407
4456
3388
-84
62
236
457
746
1122
1606
2228
2866
3512
4155
4786
5397
5871
6257
6588
6898
7220
7589
7982
8307
8548
8686
8706
8591
8237
7680
6937
6024
4960
3760
-135
-146
-114
-15
171
469
898
1561
2253
2968
3697
4434
5171
5709
6157
6554
6937
7342
7808
8325
8763
9105
9330
9421
9359
8993
8399
7596
6602
5437
4119
-186
-358
-469
-495
-411
-195
178
862
1589
2353
3149
3972
4817
5417
5927
6389
6843
7331
7893
8528
9074
9511
9818
9974
9960
9598
8983
8136
7078
5828
4408
-274
-601
-848
-992
-1006
-864
-540
127
850
1625
2450
3321
4235
4902
5480
6012
6544
7119
7783
8528
9174
9698
10079
10293
10318
9979
9363
8491
7387
6073
4570
-436
-901
-1271
-1518
-1613
-1531
-1242
-648
13
743
1539
2401
3327
4073
4730
5345
5965
6640
7417
8262
8997
9598
10041
10302
10357
10063
9468
8595
7467
6110
4546
-706
-1286
-1755
-2081
-2236
-2189
-1912
-1468
-943
-335
356
1132
1995
2838
3592
4306
5034
5826
6735
7666
8477
9142
9634
9929
10000
9778
9229
8379
7254
5880
4282
-1068
-1600
-2032
-2350
-2544
-2599
-2505
-2267
-1963
-1570
-1065
-428
366
1258
2109
2955
3831
4775
5823
6849
7725
8433
8955
9272
9367
9118
8575
7754
6674
5354
3811
-1464
-1925
-2297
-2584
-2793
-2927
-2994
-2985
-2926
-2772
-2479
-2004
-1302
-367
574
1544
2564
3653
4834
5950
6886
7633
8180
8516
8630
8357
7821
7032
6000
4737
3252
-1867
-2240
-2535
-2775
-2982
-3179
-3388
-3617
-3809
-3901
-3826
-3520
-2918
-1956
-938
139
1286
2505
3804
4998
5985
6760
7321
7665
7789
7505
6989
6245
5274
4081
2667
-2250
-2524
-2732
-2913
-3108
-3357
-3700
-4154
-4587
-4914
-5047
-4900
-4386
-3423
-2356
-1194
52
1376
2766
4023
5043
5831
6390
6726
6843
6571
6100
5424
4538
3438
2120
-2586
-2757
-2873
-2992
-3171
-3467
-3939
-4591
-5237
-5771
-6083
-6067
-5613
-4685
-3604
-2395
-1082
310
1756
3054
4086
4863
5398
5704
5792
5567
5174
4601
3835
2863
1674
-2848
-2918
-2945
-3003
-3167
-3513
-4116
-4920
-5734
-6429
-6876
-6945
-6507
-5658
-4608
-3396
-2063
-647
810
2120
3136
3875
4358
4605
4636
4503
4234
3808
3205
2407
1392
-3011
-3085
-3119
-3181
-3342
-3672
-4241
-5083
-5933
-6671
-7179
-7339
-7032
-6217
-5212
-4053
-2775
-1417
-12
1181
2110
2791
3242
3481
3527
3515
3382
3110
2681
2076
1277
-3078
-3164
-3212
-3287
-3452
-3774
-4317
-5154
-5995
-6733
-7260
-7469
-7250
-6496
-5562
-4481
-3287
-2011
-687
400
1251
1882
2310
2550
2619
2713
2701
2567
2294
1868
1270
-3064
-3166
-3232
-3323
-3498
-3816
-4337
-5134
-5934
-6638
-7150
-7372
-7208
-6535
-5694
-4714
-3623
-2452
-1229
-238
546
1139
1555
1808
1913
2091
2178
2162
2026
1756
1338
-2980
-3099
-3186
-3295
-3480
-3796
-4297
-5029
-5760
-6405
-6876
-7088
-6952
-6377
-5646
-4782
-3813
-2763
-1658
-748
-15
553
972
1252
1406
1643
1804
1879
1853
1715
1451
-2841
-2976
-3081
-3206
-3399
-3711
-4190
-4840
-5487
-6056
-6469
-6653
-6529
-6065
-5454
-4720
-3883
-2966
-1991
-1145
-446
116
554
879
1101
1364
1569
1703
1756
1718
1576
-2661
-2806
-2924
-3060
-3257
-3560
-4012
-4572
-5127
-5611
-5959
-6106
-5987
-5639
-5156
-4557
-3860
-3083
-2245
-1443
-758
-180
298
687
997
1250
1460
1618
1713
1738
1683
-2474
-2593
-2695
-2821
-3011
-3307
-3747
-4216
-4675
-5076
-5372
-5512
-5448
-5267
-4974
-4558
-4009
-3315
-2466
-1634
-890
-240
310
757
1093
1503
1781
1933
1964
1879
1685
-2300
-2375
-2444
-2542
-2708
-2979
-3391
-3793
-4183
-4529
-4798
-4958
-4977
-4950
-4834
-4588
-4174
-3551
-2680
-1785
-950
-194
460
995
1391
1899
2187
2275
2184
1933
1542
-2124
-2142
-2162
-2219
-2346
-2577
-2947
-3301
-3640
-3948
-4209
-4407
-4526
-4645
-4698
-4615
-4329
-3769
-2867
-1880
-925
-35
752
1406
1890
2443
2689
2661
2395
1925
1285
-1934
-1883
-1844
-1848
-1925
-2105
-2420
-2736
-3034
-3313
-3575
-3820
-4048
-4311
-4530
-4608
-4446
-3946
-3010
-1906
-804
245
1193
1992
2590
3142
3297
3107
2618
1881
945
-1715
-1587
-1480
-1423
-1442
-1565
-1817
-2096
-2352
-2603
-2866
-3159
-3498
-3905
-4293
-4532
-4497
-4060
-3093
-1847
-575
657
1789
2755
3491
3999
4023
3627
2874
1829
554
-1455
-1244
-1066
-942
-898
-957
-1143
-1375
-1582
-1797
-2054
-2386
-2827
-3387
-3949
-4358
-4456
-4088
-3097
-1688
-227
1210
2545
3699
4594
5021
4876
4238
3185
1794
145
