                   00004501.B0l 1
                      g_glb.dat 	   9.00 	   2.86 	   1.93 	   3.21 	   3.71 	   1.00 	   0.86 	   1.86
                      g_dir.dat 	  38.00 	 -30.00 	  25.00
                     g_step.dat 	   3.49 	  40.00 	  31.00 	  51.00 	   2.14 	  11.00 	  13.00 	  29.00
                    max_min.dat	    0.77	    0.96	    1.15	    1.14	    0.90	    0.78	    0.73	    0.62	    0.65	    0.84	    1.37	    1.78	    1.82	    1.88	    1.83	    1.74	    1.46	    1.41	    1.35	    1.36	    1.40	    1.49	    1.65	    1.68	    1.68	    1.68	    1.66	    1.65	    1.58	    1.57	    1.65	    1.82	    1.82	    1.87	    1.96	    2.02	    2.10	    2.15	    2.17	    2.16	    2.14	    2.11	    2.09	    2.06	    2.03	    1.98	    1.95	    1.91	    1.86	    1.80	    1.77	    1.72	    1.70	    1.69	    1.69	    1.72	    1.76	    1.76	    1.65	    1.58	    1.57	    1.56	    1.53	    1.54
                    cor_max.dat 	  0.68 	  0.60 	  0.83 	  0.75 	  0.88 	  0.84 	  0.90 	  0.92  
                     correl.dat	    0.44	    0.55	    0.62	    0.63	    0.55	    0.45	    0.39	    0.41	    0.49	    0.59	    0.68	    0.74	    0.77	    0.79	    0.79	    0.78	    0.76	    0.76	    0.76	    0.77	    0.79	    0.81	    0.84	    0.85	    0.85	    0.85	    0.85	    0.84	    0.84	    0.85	    0.85	    0.87	    0.87	    0.87	    0.88	    0.89	    0.89	    0.90	    0.90	    0.91	    0.91	    0.91	    0.91	    0.91	    0.91	    0.90	    0.90	    0.89	    0.88	    0.87	    0.86	    0.85	    0.84	    0.83	    0.83	    0.82	    0.82	    0.81	    0.81	    0.80	    0.79	    0.79	    0.77	    0.76
               max_minValue.dat	    0.52	    0.56	    0.51	    1.74	    1.82	    1.91	  385.00	 -498.00	  458.00	 -477.00	  507.00	 -440.00	  508.00	 -444.00	  460.00	 -511.00	  411.00	 -530.00	  364.00	 -502.00	  351.00	 -566.00	  371.00	 -575.00	  440.00	 -524.00	  573.00	 -417.00	  686.00	 -386.00	  764.00	 -419.00	  858.00	 -457.00	  917.00	 -501.00	  938.00	 -538.00	  950.00	 -651.00	  986.00	 -701.00	 1044.00	 -771.00	 1112.00	 -817.00	 1155.00	 -827.00	 1245.00	 -836.00	 1465.00	 -888.00	 1596.00	 -950.00	 1691.00	 -1008.00	 1795.00	 -1071.00	 1899.00	 -1141.00	 1969.00	 -1192.00	 2023.00	 -1277.00	 2084.00	 -1326.00	 2165.00	 -1310.00	 2258.00	 -1239.00	 2258.00	 -1239.00	 2281.00	 -1221.00	 2307.00	 -1180.00	 2310.00	 -1143.00	 2310.00	 -1098.00	 2297.00	 -1068.00	 2261.00	 -1040.00	 2227.00	 -1033.00	 2186.00	 -1020.00	 2118.00	 -1002.00	 2066.00	 -988.00	 2008.00	 -974.00	 1946.00	 -958.00	 1843.00	 -930.00	 1772.00	 -908.00	 1690.00	 -885.00	 1563.00	 -842.00	 1474.00	 -818.00	 1384.00	 -780.00	 1254.00	 -727.00	 1165.00	 -687.00	 1085.00	 -643.00	 1007.00	 -596.00	  894.00	 -520.00	  819.00	 -465.00	  753.00	 -428.00	  657.00	 -397.00	  598.00	 -378.00	  555.00	 -353.00	  533.00	 -341.00	  498.00	 -326.00	  481.00	 -313.00
                    cor_cor.dat 	  0.79 	  0.86 	  0.81 	  0.74 	  0.98 	  0.99 	  0.99 	  0.96  
                  direction.dat	   -1.00	   -0.97	   -0.95	   -0.97	   -0.97	   -0.97	    0.39	    0.38	    0.35	    0.32	    0.30	    0.02	    0.02	    0.02	    0.04	    0.36	    0.38	    0.36	    0.15	    0.13	    0.31	    0.31	    0.29	    0.29	    0.29	    0.27	    0.27	    0.29	    0.35	    0.37	    0.35	    0.25	    0.25	    0.25	    0.25	    0.14	    0.08	    0.08	    0.07	    0.07	    0.05	    0.05	    0.05	    0.05	    0.05	    0.05	    0.05	    0.05	    0.03	    0.02	    0.02	    0.02	    0.02	    0.02	    0.02	    0.01	    0.01	    0.09	    0.08	    0.06	    0.03	   -0.00	   -0.05	   -0.05
                    cor_dir.dat 	  0.42 	  0.54 	  0.40 	 -0.64 	 -0.44 	 -0.59 	 -0.77 	 -0.30  
                 StepPoints.dat 	 0.32 	 0.47 	 0.47 	 0.61 	 0.53 	 0.47 	 0.47 	 0.58 	 0.56 	 0.52 	 0.53 	 0.48 	 0.55 	 0.61 	 0.48 	 0.50 	 0.53
                 PointsComp.dat 	 0.20
                dir_changes.dat	    0.00	    0.03	    0.02	   -0.01	   -0.00	    0.00	    1.36	   -0.01	   -0.02	   -0.03	   -0.02	   -0.27	    0.00	    0.00	    0.01	    0.33	    0.02	   -0.02	   -0.21	   -0.02	    0.17	    0.00	   -0.02	    0.00	    0.00	   -0.02	    0.00	    0.02	    0.07	    0.02	   -0.02	   -0.10	    0.00	    0.00	    0.00	   -0.11	   -0.06	    0.00	   -0.01	    0.00	   -0.02	    0.00	    0.00	    0.00	    0.00	    0.00	    0.00	    0.00	   -0.01	   -0.01	    0.00	    0.00	    0.00	    0.00	    0.00	   -0.01	    0.00	    0.08	   -0.01	   -0.03	   -0.03	   -0.03	   -0.05	    0.00
            cor_dir_changes.dat 	  0.07 	  0.32 	 -0.69 	 -0.00 	 -0.29 	  0.07 	  0.00 	 -0.31  
