D:\SOFTMAG\cryoton\averaged\00001701.000\00001701.R0l 
20 30
64 709
-2035
-633
660
1849
2933
3916
4800
5568
6215
6753
7194
7550
7834
8094
8309
8382
8218
7721
6796
5584
4325
3066
1855
741
-229
-927
-1291
-1367
-1203
-848
-349
-2756
-1342
-19
1220
2384
3480
4515
5382
6136
6792
7363
7865
8310
8711
9054
9240
9171
8749
7877
6691
5438
4168
2930
1773
745
-117
-655
-916
-949
-804
-530
-3410
-2001
-667
605
1831
3022
4192
5138
5981
6737
7421
8050
8638
9176
9641
9935
9957
9606
8784
7637
6406
5140
3889
2703
1633
630
-57
-479
-686
-727
-653
-3966
-2600
-1291
-21
1229
2479
3747
4760
5680
6523
7307
8050
8770
9441
10028
10427
10538
10257
9482
8381
7176
5919
4660
3452
2344
1237
435
-111
-455
-646
-737
-4398
-3129
-1900
-688
532
1785
3097
4170
5159
6083
6961
7812
8655
9461
10170
10676
10877
10666
9940
8879
7696
6444
5173
3937
2788
1625
758
134
-297
-591
-797
-4675
-3577
-2503
-1422
-305
877
2158
3291
4348
5352
6322
7280
8246
9191
10025
10642
10935
10797
10123
9089
7915
6653
5356
4079
2875
1717
845
205
-255
-589
-852
-4770
-3935
-3107
-2251
-1330
-309
848
2045
3176
4264
5331
6400
7495
8583
9549
10282
10674
10616
10000
8969
7779
6485
5139
3797
2514
1433
629
46
-369
-672
-918
-4720
-4276
-3803
-3254
-2586
-1753
-710
516
1706
2880
4063
5278
6549
7774
8873
9731
10231
10255
9688
8584
7318
5949
4536
3136
1808
766
29
-459
-760
-931
-1030
-4603
-4565
-4461
-4235
-3835
-3205
-2293
-1038
204
1460
2754
4111
5556
6910
8138
9114
9715
9816
9292
8110
6764
5318
3833
2371
996
8
-644
-1025
-1196
-1218
-1155
-4446
-4814
-5078
-5175
-5041
-4614
-3831
-2574
-1301
13
1394
2869
4462
5940
7288
8376
9071
9241
8753
7517
6116
4617
3085
1587
188
-733
-1291
-1552
-1580
-1442
-1205
-4278
-5035
-5650
-6052
-6168
-5927
-5256
-4041
-2782
-1454
-29
1519
3216
4809
6270
7462
8243
8474
8015
6777
5374
3873
2347
864
-505
-1353
-1808
-1940
-1818
-1513
-1094
-4127
-5240
-6173
-6847
-7180
-7091
-6500
-5391
-4211
-2933
-1529
28
1766
3464
5030
6316
7175
7458
7019
5860
4534
3114
1673
286
-973
-1744
-2093
-2092
-1816
-1339
-734
-4021
-5440
-6643
-7540
-8041
-8056
-7495
-6576
-5559
-4416
-3117
-1635
59
1853
3514
4885
5811
6137
5708
4737
3597
2364
1118
-65
-1107
-1800
-2041
-1908
-1478
-829
-39
-3975
-5443
-6707
-7691
-8323
-8526
-8228
-7505
-6686
-5737
-4625
-3316
-1778
-78
1523
2890
3885
4371
4209
3534
2695
1763
806
-107
-910
-1339
-1382
-1108
-584
120
936
-3972
-5442
-6720
-7747
-8463
-8810
-8727
-8223
-7624
-6893
-5990
-4877
-3516
-1922
-391
960
2011
2644
2739
2389
1883
1281
642
27
-505
-691
-556
-160
437
1177
1999
-3987
-5416
-6666
-7691
-8449
-8896
-8986
-8707
-8336
-7828
-7141
-6231
-5055
-3584
-2138
-819
273
1037
1373
1354
1187
922
609
299
43
72
355
844
1486
2232
3032
-3998
-5345
-6526
-7509
-8268
-8774
-8997
-8935
-8782
-8491
-8011
-7296
-6297
-4967
-3627
-2359
-1246
-369
186
483
638
693
690
669
672
877
1272
1814
2463
3177
3915
-3980
-5209
-6281
-7185
-7907
-8434
-8751
-8883
-8926
-8826
-8531
-7986
-7140
-5976
-4766
-3573
-2463
-1498
-745
-173
264
600
866
1094
1317
1652
2109
2658
3266
3901
4530
-3912
-4985
-5915
-6704
-7354
-7866
-8243
-8528
-8727
-8780
-8630
-8217
-7485
-6515
-5462
-4373
-3293
-2269
-1347
-562
95
648
1121
1536
1916
2322
2787
3286
3796
4295
4760
-3776
-4757
-5601
-6310
-6882
-7319
-7620
-7966
-8229
-8355
-8294
-7993
-7401
-6490
-5508
-4494
-3485
-2519
-1635
-740
37
716
1317
1857
2357
2713
3103
3510
3913
4295
4636
-3581
-4486
-5262
-5908
-6421
-6799
-7041
-7398
-7673
-7822
-7800
-7561
-7060
-6213
-5308
-4375
-3443
-2542
-1702
-768
58
793
1451
2047
2596
2900
3218
3532
3829
4094
4311
-3339
-4184
-4907
-5506
-5975
-6311
-6510
-6834
-7080
-7209
-7183
-6963
-6511
-5732
-4908
-4060
-3209
-2378
-1587
-672
145
877
1533
2125
2664
2923
3171
3398
3593
3745
3844
-3061
-3860
-4546
-5112
-5551
-5859
-6030
-6287
-6469
-6543
-6478
-6241
-5803
-5095
-4354
-3593
-2826
-2066
-1326
-478
282
963
1571
2112
2594
2815
3004
3153
3256
3305
3294
-2759
-3526
-4187
-4733
-5157
-5450
-5605
-5768
-5858
-5850
-5718
-5439
-4986
-4349
-3692
-3018
-2335
-1646
-957
-211
456
1051
1574
2028
2416
2615
2759
2843
2867
2827
2722
-2445
-3191
-3839
-4377
-4797
-5087
-5239
-5288
-5266
-5156
-4939
-4597
-4111
-3543
-2967
-2379
-1777
-1157
-518
100
652
1136
1550
1894
2165
2359
2475
2514
2478
2367
2185
-2149
-2946
-3636
-4201
-4620
-4873
-4941
-4894
-4770
-4560
-4253
-3839
-3309
-2744
-2190
-1648
-1120
-607
-109
355
769
1133
1446
1709
1923
2029
2088
2099
2062
1976
1841
-1887
-2741
-3482
-4079
-4504
-4727
-4718
-4586
-4370
-4071
-3685
-3212
-2649
-2075
-1533
-1028
-564
-147
218
552
851
1116
1349
1555
1734
1789
1827
1848
1846
1822
1771
-1647
-2567
-3365
-4003
-4442
-4642
-4565
-4351
-4048
-3662
-3201
-2672
-2080
-1490
-952
-474
-67
261
503
717
910
1087
1253
1411
1566
1601
1652
1713
1780
1848
1914
-1419
-2413
-3278
-3966
-4428
-4615
-4479
-4178
-3783
-3307
-2767
-2177
-1551
-939
-399
55
412
659
782
875
963
1051
1147
1257
1387
1430
1520
1650
1813
2002
2212
-1189
-2268
-3211
-3960
-4456
-4640
-4455
-4057
-3557
-2980
-2348
-1685
-1014
-376
169
605
917
1085
1094
1054
1023
1010
1023
1072
1164
1240
1392
1613
1894
2227
2604
-948
-2123
-3156
-3977
-4518
-4712
-4491
-3974
-3351
-2652
-1909
-1154
-419
246
800
1221
1487
1580
1477
1278
1104
966
873
837
868
992
1225
1556
1975
2470
3033
