                   00001701.B0l 1
                      g_glb.dat 	   1.92 	   0.75 	   0.00 	   1.17 	   2.25 	   0.92 	   0.83 	   0.50
                      g_dir.dat 	   0.00 	  -1.00 	   1.00
                     g_step.dat 	   0.45 	   9.00 	   0.00 	   3.00 	   0.90 	  11.00 	  10.00 	   6.00
                    max_min.dat	    0.87	    1.04	    0.84	    0.78	    0.73	    0.68	    0.64	    0.65	    0.68	    0.73	    0.76	    0.77	    0.76	    0.76	    0.76	    0.79	    0.87	    0.96	    1.06	    1.14	    1.22	    1.28	    1.30	    1.28	    1.26	    1.23	    1.21	    1.18	    1.17	    1.17	    1.17	    1.17	    1.17	    1.16	    1.16	    1.16	    1.16	    1.16	    1.16	    1.14	    1.13	    1.11	    1.10	    1.10	    1.10	    1.10	    1.10	    1.10	    1.10	    1.10	    1.11	    1.11	    1.11	    1.12	    1.13	    1.13	    1.15	    1.15	    1.17	    1.18	    1.20	    1.21	    1.21	    1.21
                    cor_max.dat 	  0.66 	  0.60 	  0.73 	  0.73 	  0.88 	  0.90 	  0.84 	  0.89  
                     correl.dat	    0.15	    0.60	    0.62	    0.60	    0.57	    0.57	    0.58	    0.61	    0.63	    0.66	    0.69	    0.71	    0.73	    0.75	    0.76	    0.78	    0.80	    0.82	    0.84	    0.86	    0.87	    0.89	    0.90	    0.90	    0.91	    0.92	    0.92	    0.93	    0.93	    0.93	    0.93	    0.93	    0.93	    0.92	    0.92	    0.92	    0.92	    0.91	    0.91	    0.90	    0.90	    0.89	    0.89	    0.88	    0.88	    0.87	    0.87	    0.86	    0.85	    0.85	    0.84	    0.83	    0.83	    0.82	    0.81	    0.80	    0.79	    0.78	    0.76	    0.75	    0.74	    0.72	    0.70	    0.68
               max_minValue.dat	    0.83	    0.74	    0.88	   -0.79	    1.17	    1.10	  808.00	 -932.00	 1021.00	 -983.00	 1052.00	 -1253.00	 1025.00	 -1318.00	  998.00	 -1365.00	  977.00	 -1433.00	  959.00	 -1494.00	  996.00	 -1531.00	 1056.00	 -1554.00	 1151.00	 -1583.00	 1262.00	 -1654.00	 1350.00	 -1756.00	 1437.00	 -1884.00	 1515.00	 -1984.00	 1620.00	 -2120.00	 1758.00	 -2237.00	 2060.00	 -2374.00	 2424.00	 -2533.00	 2877.00	 -2712.00	 3311.00	 -2911.00	 3899.00	 -3205.00	 4548.00	 -3562.00	 5260.00	 -4039.00	 6001.00	 -4689.00	 6633.00	 -5278.00	 7393.00	 -6006.00	 8140.00	 -6741.00	 8831.00	 -7483.00	 9589.00	 -8198.00	 10231.00	 -8753.00	 10851.00	 -9300.00	 11202.00	 -9613.00	 11202.00	 -9613.00	 11235.00	 -9650.00	 11223.00	 -9636.00	 11154.00	 -9592.00	 11028.00	 -9499.00	 10848.00	 -9360.00	 10472.00	 -9062.00	 10145.00	 -8867.00	 9777.00	 -8654.00	 9360.00	 -8397.00	 8907.00	 -8110.00	 8552.00	 -7797.00	 8163.00	 -7443.00	 7750.00	 -7065.00	 7314.00	 -6671.00	 6868.00	 -6259.00	 6182.00	 -5625.00	 5727.00	 -5198.00	 5273.00	 -4769.00	 4834.00	 -4357.00	 4405.00	 -3954.00	 3992.00	 -3558.00	 3598.00	 -3195.00	 3232.00	 -2848.00	 2882.00	 -2517.00	 2559.00	 -2220.00	 2117.00	 -1814.00	 1857.00	 -1573.00	 1611.00	 -1348.00	 1392.00	 -1148.00	 1186.00	 -984.00	 1002.00	 -826.00
                    cor_cor.dat 	  0.84 	  0.82 	  0.83 	  0.86 	  0.98 	  0.99 	  0.97 	  0.97  
                  direction.dat	   -0.34	   -0.24	   -0.24	   -0.22	   -0.22	   -0.22	   -0.25	   -0.25	   -0.25	   -0.25	   -0.25	   -0.25	   -0.25	   -0.25	   -0.25	   -0.25	   -0.23	   -0.23	   -0.21	   -0.21	   -0.19	   -0.19	   -0.16	   -0.11	   -0.10	   -0.09	   -0.10	   -0.10	   -0.10	   -0.10	   -0.07	   -0.07	   -0.07	   -0.07	   -0.07	   -0.07	   -0.07	   -0.07	   -0.04	   -0.04	   -0.04	   -0.04	   -0.02	   -0.02	   -0.03	   -0.03	   -0.03	   -0.00	   -0.00	   -0.00	   -0.00	    0.02	    0.02	    0.02	   -0.02	   -0.02	   -0.02	   -0.02	   -0.03	   -0.03	   -0.03	   -0.03	   -0.03	   -0.03
                    cor_dir.dat 	  0.82 	  0.85 	  0.83 	  0.77 	  0.16 	  0.87 	  0.43 	 -0.23  
                 StepPoints.dat 	 0.11 	 0.44 	 0.44 	 0.50 	 0.52 	 0.56 	 0.44 	 0.55 	 0.47 	 0.53 	 0.50 	 0.50 	 0.55 	 0.48 	 0.48 	 0.53 	 0.52
                 PointsComp.dat 	 0.10
                dir_changes.dat	    0.00	    0.10	   -0.00	    0.01	   -0.00	    0.00	   -0.03	    0.00	    0.00	    0.00	    0.00	    0.00	    0.00	    0.00	    0.00	    0.00	    0.02	    0.00	    0.02	    0.00	    0.02	    0.00	    0.03	    0.05	    0.01	    0.01	   -0.01	    0.00	    0.00	    0.00	    0.03	    0.00	    0.00	    0.00	    0.00	    0.00	    0.00	    0.00	    0.03	    0.00	    0.00	    0.00	    0.02	    0.00	   -0.01	    0.00	    0.00	    0.03	    0.00	    0.00	    0.00	    0.02	    0.00	    0.00	   -0.03	    0.00	    0.00	    0.00	   -0.01	    0.00	    0.00	    0.00	    0.00	    0.00
            cor_dir_changes.dat 	  0.59 	  0.59 	  0.62 	  0.00 	  0.04 	 -0.48 	  0.62 	 -0.03  
