D:\SOFTMAG\cryoton\averaged\00000603.000\00000603.R0l 
20 30
64 811
-10000
-7931
-6025
-4307
-2802
-1536
-535
265
938
1475
1866
2100
2168
2135
2078
2007
1930
1855
1791
1742
1705
1675
1648
1619
1585
1533
1458
1364
1256
1138
1014
-9626
-7451
-5448
-3644
-2067
-746
290
1077
1728
2238
2596
2797
2831
2776
2703
2615
2518
2416
2314
2184
2064
1952
1846
1742
1639
1553
1458
1357
1252
1146
1040
-9239
-6976
-4893
-3020
-1389
-30
1024
1799
2431
2915
3244
3413
3416
3339
3247
3142
3025
2896
2756
2554
2361
2175
1998
1829
1667
1549
1436
1330
1230
1137
1052
-8822
-6485
-4338
-2412
-742
638
1696
2459
3071
3528
3828
3965
3936
3833
3721
3596
3456
3297
3115
2851
2593
2345
2108
1882
1671
1521
1392
1282
1189
1111
1048
-8356
-5960
-3761
-1796
-100
1288
2335
3083
3672
4101
4367
4470
4406
4272
4133
3983
3813
3618
3390
3073
2762
2461
2174
1903
1653
1474
1329
1216
1131
1069
1029
-7824
-5380
-3142
-1148
560
1947
2971
3699
4260
4654
4882
4944
4841
4666
4492
4308
4101
3861
3576
3219
2867
2525
2199
1894
1617
1408
1248
1133
1055
1011
994
-7209
-4726
-2458
-446
1267
2641
3634
4333
4858
5210
5392
5406
5255
5029
4808
4577
4321
4025
3674
3288
2906
2535
2183
1857
1565
1326
1152
1034
964
937
943
-6539
-4062
-1798
213
1932
3318
4331
4984
5466
5775
5911
5871
5653
5361
5071
4772
4454
4107
3718
3295
2887
2499
2137
1805
1509
1278
1105
983
909
877
880
-5862
-3398
-1144
859
2577
3968
4996
5599
6035
6300
6386
6289
6003
5645
5288
4923
4545
4147
3722
3268
2839
2440
2072
1740
1447
1222
1050
925
846
808
809
-5190
-2758
-534
1443
3139
4517
5539
6097
6493
6717
6759
6609
6258
5839
5416
4987
4551
4105
3648
3170
2729
2326
1962
1637
1354
1140
970
844
762
722
722
-4534
-2166
-4
1915
3558
4890
5874
6399
6765
6960
6970
6779
6376
5897
5412
4923
4433
3943
3457
2966
2523
2127
1777
1471
1210
1010
848
727
647
610
616
-3904
-1645
409
2226
3771
5012
5914
6424
6780
6965
6960
6747
6310
5777
5235
4690
4150
3621
3109
2619
2188
1813
1490
1217
990
813
669
560
491
464
484
-3313
-1219
670
2326
3716
4808
5572
6092
6463
6663
6670
6461
6016
5434
4840
4246
3661
3098
2568
2094
1691
1352
1074
849
673
530
413
329
281
277
321
-2774
-980
635
2054
3252
4210
4906
5426
5822
6061
6115
5954
5546
4945
4318
3681
3053
2451
1893
1443
1078
789
567
403
289
201
126
74
53
72
140
-2293
-815
512
1678
2671
3480
4093
4624
5054
5345
5458
5354
4995
4386
3734
3064
2401
1769
1194
771
446
209
46
-54
-105
-137
-168
-186
-179
-134
-40
-1866
-704
332
1244
2029
2687
3217
3759
4224
4565
4737
4691
4382
3775
3110
2419
1733
1084
502
105
-178
-365
-470
-508
-496
-472
-461
-446
-412
-343
-224
-1486
-630
127
796
1385
1904
2360
2903
3392
3774
3993
3995
3724
3134
2470
1771
1076
423
-149
-524
-772
-911
-960
-939
-867
-792
-743
-699
-642
-554
-414
-1150
-574
-70
379
796
1200
1609
2129
2621
3022
3267
3295
3041
2482
1836
1146
458
-182
-731
-1090
-1307
-1404
-1405
-1331
-1205
-1085
-1004
-938
-866
-764
-610
-852
-519
-232
37
321
647
1046
1512
1974
2360
2599
2619
2350
1842
1231
568
-94
-704
-1212
-1563
-1758
-1822
-1783
-1664
-1494
-1339
-1236
-1158
-1079
-974
-816
-578
-341
-146
30
213
428
698
1086
1469
1784
1971
1966
1708
1225
656
45
-559
-1112
-1567
-1861
-2016
-2056
-2004
-1882
-1714
-1559
-1450
-1364
-1278
-1170
-1016
-321
-150
-18
94
207
340
511
808
1099
1333
1455
1414
1156
702
178
-375
-918
-1410
-1809
-2052
-2175
-2197
-2138
-2020
-1862
-1714
-1608
-1523
-1440
-1337
-1195
-83
44
136
208
273
346
442
641
835
980
1032
948
683
261
-213
-707
-1185
-1612
-1952
-2150
-2246
-2256
-2197
-2088
-1946
-1812
-1716
-1639
-1564
-1474
-1351
134
233
302
348
382
412
448
549
645
701
681
553
281
-105
-530
-963
-1373
-1733
-2012
-2170
-2243
-2245
-2191
-2095
-1973
-1859
-1778
-1714
-1654
-1582
-1484
327
409
463
494
506
502
487
496
498
469
383
215
-59
-411
-784
-1154
-1496
-1788
-2004
-2125
-2178
-2175
-2128
-2049
-1950
-1860
-1799
-1753
-1711
-1662
-1592
495
561
604
623
615
581
519
444
362
259
116
-80
-348
-664
-985
-1293
-1567
-1791
-1946
-2031
-2065
-2059
-2021
-1960
-1886
-1822
-1783
-1758
-1738
-1713
-1676
629
611
583
548
509
468
429
301
175
37
-128
-338
-608
-855
-1111
-1360
-1583
-1761
-1878
-1945
-1968
-1956
-1918
-1862
-1798
-1748
-1724
-1720
-1726
-1732
-1731
728
601
478
366
272
203
164
13
-124
-263
-421
-613
-853
-1034
-1231
-1426
-1601
-1738
-1821
-1867
-1874
-1853
-1810
-1756
-1699
-1658
-1648
-1662
-1691
-1725
-1756
793
541
306
101
-64
-180
-236
-382
-505
-620
-743
-889
-1073
-1193
-1333
-1477
-1607
-1708
-1761
-1782
-1771
-1737
-1688
-1633
-1580
-1546
-1549
-1580
-1630
-1690
-1753
827
439
83
-225
-473
-646
-728
-849
-936
-1006
-1073
-1152
-1260
-1319
-1405
-1501
-1590
-1655
-1681
-1677
-1646
-1599
-1542
-1484
-1434
-1408
-1423
-1470
-1542
-1629
-1723
832
305
-175
-592
-925
-1158
-1271
-1350
-1387
-1395
-1391
-1388
-1403
-1404
-1437
-1486
-1534
-1566
-1565
-1535
-1486
-1425
-1360
-1300
-1253
-1236
-1265
-1330
-1424
-1539
-1667
812
148
-454
-975
-1392
-1682
-1823
-1850
-1825
-1763
-1677
-1582
-1494
-1437
-1417
-1419
-1427
-1425
-1399
-1344
-1277
-1204
-1133
-1072
-1030
-1025
-1070
-1156
-1276
-1421
-1585
