                   00000603.B0l 1
                      g_glb.dat 	   8.69 	   3.54 	   2.54 	   2.62 	   5.69 	   2.69 	   1.69 	   1.31
                      g_dir.dat 	 163.00 	 -41.00 	  64.00
                     g_step.dat 	   3.06 	  40.00 	  38.00 	  17.00 	   2.47 	  28.00 	  22.00 	  17.00
                    max_min.dat	    3.71	    4.11	    3.56	    3.45	    3.29	    3.24	    3.40	    3.69	    3.44	    2.97	    2.32	    1.63	    0.97	    0.59	    0.49	    0.51	    0.64	    0.93	    1.14	    1.39	    1.63	    1.64	    1.45	    1.39	    1.41	    1.47	    1.52	    1.55	    1.58	    1.66	    1.76	    1.87	    1.87	    1.90	    1.91	    1.94	    1.97	    2.01	    2.03	    2.07	    2.11	    2.13	    2.17	    2.22	    2.27	    2.30	    2.32	    2.04	    1.92	    1.71	    1.55	    1.48	    1.35	    1.24	    1.14	    1.09	    1.00	    0.92	    0.89	    0.81	    0.75	    0.69	    0.66	    0.60
                    cor_max.dat 	  0.68 	  0.79 	  0.64 	  0.61 	  0.85 	  0.85 	  0.87 	  0.80  
                     correl.dat	    0.57	    0.66	    0.67	    0.67	    0.68	    0.68	    0.66	    0.65	    0.65	    0.67	    0.70	    0.70	    0.62	    0.50	    0.42	    0.45	    0.54	    0.64	    0.76	    0.81	    0.83	    0.85	    0.86	    0.86	    0.87	    0.89	    0.91	    0.92	    0.92	    0.92	    0.91	    0.90	    0.90	    0.90	    0.89	    0.89	    0.88	    0.88	    0.88	    0.87	    0.86	    0.86	    0.85	    0.84	    0.83	    0.82	    0.81	    0.80	    0.79	    0.78	    0.76	    0.75	    0.74	    0.72	    0.70	    0.69	    0.67	    0.65	    0.63	    0.60	    0.57	    0.53	    0.51	    0.47
               max_minValue.dat	    0.38	    0.41	    0.37	   -0.51	    1.87	    2.04	 2483.00	 -669.00	 2850.00	 -694.00	 3090.00	 -869.00	 3150.00	 -912.00	 3008.00	 -914.00	 2879.00	 -888.00	 2920.00	 -858.00	 3004.00	 -815.00	 3018.00	 -877.00	 2832.00	 -953.00	 2303.00	 -994.00	 1598.00	 -981.00	 1030.00	 -1059.00	  909.00	 -1532.00	  873.00	 -1765.00	  893.00	 -1752.00	  953.00	 -1486.00	 1085.00	 -1167.00	 1334.00	 -1168.00	 1695.00	 -1223.00	 2155.00	 -1319.00	 2330.00	 -1420.00	 2176.00	 -1499.00	 2164.00	 -1561.00	 2334.00	 -1656.00	 2630.00	 -1789.00	 2941.00	 -1933.00	 3166.00	 -2041.00	 3312.00	 -2095.00	 3494.00	 -2099.00	 3650.00	 -2071.00	 3739.00	 -2003.00	 3739.00	 -2003.00	 3745.00	 -1976.00	 3742.00	 -1960.00	 3735.00	 -1923.00	 3711.00	 -1884.00	 3681.00	 -1829.00	 3660.00	 -1799.00	 3605.00	 -1743.00	 3544.00	 -1678.00	 3512.00	 -1648.00	 3432.00	 -1579.00	 3346.00	 -1507.00	 3252.00	 -1432.00	 3206.00	 -1391.00	 3117.00	 -1344.00	 3014.00	 -1480.00	 2959.00	 -1545.00	 2849.00	 -1668.00	 2763.00	 -1782.00	 2719.00	 -1835.00	 2618.00	 -1940.00	 2517.00	 -2033.00	 2405.00	 -2115.00	 2346.00	 -2155.00	 2234.00	 -2228.00	 2116.00	 -2292.00	 2057.00	 -2320.00	 1932.00	 -2371.00	 1813.00	 -2423.00	 1694.00	 -2461.00	 1635.00	 -2485.00	 1518.00	 -2523.00
                    cor_cor.dat 	  0.90 	  0.93 	  0.90 	  0.88 	  0.95 	  0.98 	  0.94 	  0.90  
                  direction.dat	    0.30	    0.61	    0.60	    0.60	    0.62	    0.62	    0.63	    0.63	    0.63	    0.62	    0.64	    0.69	    0.64	   -0.60	   -0.58	   -0.58	   -0.58	    0.60	    0.59	    0.60	    0.60	    0.58	    0.57	    0.55	    0.54	    0.54	    0.54	    0.53	    0.51	    0.51	    0.50	    0.50	    0.50	    0.49	    0.49	    0.49	    0.49	    0.47	    0.47	    0.47	    0.47	    0.47	    0.49	    0.49	    0.50	    0.50	    0.50	    0.50	   -0.52	   -0.50	   -0.50	   -0.50	   -0.50	   -0.50	   -0.50	   -0.50	   -0.50	   -0.53	   -0.53	   -0.53	   -0.53	   -0.53	   -0.53	   -0.55
                    cor_dir.dat 	 -0.53 	 -0.62 	 -0.50 	 -0.48 	 -0.34 	 -0.38 	 -0.16 	 -0.42  
                 StepPoints.dat 	 0.25 	 0.41 	 0.62 	 0.59 	 0.52 	 0.38 	 0.59 	 0.58 	 0.52 	 0.58 	 0.53 	 0.48 	 0.59 	 0.56 	 0.59 	 0.61 	 0.62
                 PointsComp.dat 	 0.23
                dir_changes.dat	    0.00	    0.30	   -0.01	    0.00	    0.01	    0.01	    0.01	    0.00	   -0.01	   -0.01	    0.03	    0.05	   -0.05	   -1.24	    0.02	    0.00	    0.00	    1.18	   -0.01	    0.01	    0.00	   -0.02	   -0.02	   -0.02	   -0.01	    0.00	    0.00	   -0.01	   -0.01	    0.00	   -0.01	    0.00	    0.00	   -0.01	    0.00	    0.00	    0.00	   -0.02	    0.00	    0.00	    0.00	    0.00	    0.02	    0.00	    0.01	    0.00	    0.00	    0.00	   -1.02	    0.02	    0.00	    0.00	    0.00	    0.00	    0.00	    0.00	    0.00	   -0.03	    0.00	    0.00	    0.00	    0.00	    0.00	   -0.01
            cor_dir_changes.dat 	  0.97 	  0.98 	  0.55 	 -0.00 	 -0.02 	 -0.62 	  0.01 	 -0.04  
