D:\SOFTMAG\cryoton\averaged\00001502.000\00001502.R0l 
20 30
64 768
-2490
-2955
-3348
-3551
-3446
-2916
-1843
-351
1249
2806
4162
5163
5653
5637
5302
4762
4132
3528
3063
2847
2876
3093
3440
3860
4296
4593
4678
4605
4433
4220
4022
-4164
-4353
-4473
-4414
-4067
-3322
-2070
-548
1070
2648
4049
5136
5771
6044
6013
5777
5438
5096
4851
4682
4706
4874
5135
5439
5735
5862
5782
5543
5196
4791
4380
-5647
-5592
-5471
-5183
-4626
-3698
-2300
-764
855
2439
3868
5025
5790
6335
6591
6643
6578
6482
6440
6313
6329
6443
6613
6796
6948
6931
6710
6330
5834
5264
4663
-6927
-6668
-6348
-5871
-5145
-4077
-2573
-1025
591
2178
3633
4857
5748
6535
7047
7355
7533
7651
7782
7705
7718
7786
7873
7942
7958
7819
7482
6984
6361
5648
4883
-7990
-7578
-7108
-6493
-5649
-4489
-2930
-1360
265
1865
3357
4658
5687
6669
7390
7909
8282
8569
8826
8818
8849
8890
8913
8889
8788
8548
8116
7521
6792
5958
5048
-8823
-8318
-7756
-7062
-6158
-4967
-3412
-1796
-137
1500
3052
4456
5646
6761
7631
8299
8808
9201
9523
9616
9696
9743
9733
9647
9461
9138
8630
7956
7141
6204
5168
-9414
-8882
-8298
-7593
-6697
-5542
-4059
-2358
-629
1082
2733
4276
5666
6838
7780
8521
9089
9514
9825
10061
10235
10330
10332
10227
10000
9611
9042
8308
7422
6399
5255
-9843
-9441
-8967
-8345
-7497
-6346
-4813
-2989
-1119
743
2546
4238
5765
6945
7879
8601
9143
9539
9822
10122
10369
10546
10636
10622
10489
10035
9395
8585
7621
6520
5299
-10160
-9905
-9561
-9041
-8260
-7131
-5568
-3621
-1613
397
2352
4190
5853
7015
7915
8592
9082
9424
9654
10030
10364
10635
10826
10917
10890
10376
9667
8785
7746
6570
5277
-10300
-10215
-10023
-9629
-8938
-7855
-6284
-4245
-2128
1
2076
4032
5801
6943
7808
8438
8875
9161
9337
9773
10176
10525
10800
10980
11043
10494
9746
8818
7732
6509
5170
-10196
-10310
-10299
-10058
-9485
-8475
-6926
-4851
-2682
-491
1648
3663
5481
6626
7478
8085
8491
8743
8887
9336
9763
10144
10457
10679
10786
10254
9516
8595
7513
6294
4961
-9785
-10131
-10332
-10277
-9854
-8950
-7454
-5430
-3294
-1126
992
2983
4764
5959
6846
7475
7897
8163
8321
8708
9082
9419
9694
9881
9956
9517
8866
8027
7025
5885
4634
-9003
-9616
-10067
-10235
-9999
-9239
-7833
-5970
-3979
-1948
37
1890
3524
4838
5830
6554
7064
7413
7658
7875
8091
8278
8409
8456
8393
8146
7681
7023
6201
5241
4171
-7968
-8709
-9287
-9607
-9572
-9087
-8056
-6535
-4909
-3215
-1491
222
1888
3335
4550
5527
6262
6750
6986
7051
7040
6953
6795
6566
6270
5985
5641
5236
4768
4235
3633
-6881
-7738
-8430
-8887
-9040
-8816
-8148
-7012
-5792
-4479
-3061
-1529
126
1736
3203
4462
5451
6107
6365
6240
5964
5568
5083
4542
3976
3674
3474
3345
3254
3169
3060
-5798
-6748
-7533
-8107
-8425
-8442
-8114
-7392
-6607
-5702
-4618
-3296
-1678
103
1831
3383
4636
5468
5758
5438
4892
4180
3364
2505
1664
1334
1266
1400
1674
2026
2397
-4774
-5788
-6636
-7296
-7750
-7979
-7961
-7665
-7329
-6846
-6109
-5011
-3445
-1501
478
2312
3819
4819
5130
4642
3852
2852
1731
580
-509
-915
-897
-547
43
786
1590
-3865
-4905
-5777
-6486
-7039
-7440
-7695
-7825
-7936
-7874
-7483
-6607
-5092
-3015
-813
1274
3006
4144
4447
3848
2873
1642
274
-1109
-2390
-2953
-2932
-2448
-1620
-569
585
-3125
-4144
-4995
-5707
-6312
-6839
-7322
-7861
-8404
-8747
-8686
-8017
-6537
-4375
-2000
291
2199
3426
3673
3053
1983
611
-913
-2441
-3823
-4659
-4752
-4250
-3303
-2061
-672
-2587
-3549
-4361
-5061
-5692
-6293
-6905
-7682
-8473
-9071
-9273
-8873
-7666
-5542
-3191
-896
1061
2399
2835
2229
1172
-196
-1734
-3301
-4755
-5526
-5620
-5179
-4343
-3253
-2052
-2229
-3107
-3852
-4513
-5142
-5789
-6504
-7459
-8436
-9230
-9634
-9442
-8449
-6420
-4152
-1911
37
1428
1997
1471
492
-805
-2290
-3830
-5291
-6052
-6204
-5879
-5210
-4331
-3372
-2023
-2793
-3448
-4047
-4652
-5321
-6115
-7195
-8307
-9243
-9796
-9760
-8927
-7041
-4905
-2766
-873
523
1177
780
-68
-1246
-2628
-4090
-5507
-6297
-6545
-6376
-5914
-5282
-4607
-1942
-2585
-3130
-3648
-4209
-4881
-5735
-6895
-8095
-9128
-9785
-9859
-9141
-7436
-5469
-3471
-1673
-309
390
158
-526
-1549
-2794
-4143
-5482
-6323
-6688
-6696
-6461
-6099
-5727
-1957
-2458
-2880
-3301
-3802
-4463
-5362
-6563
-7814
-8905
-9628
-9773
-9132
-7637
-5867
-4038
-2364
-1060
-343
-392
-895
-1744
-2832
-4051
-5293
-6188
-6675
-6863
-6860
-6772
-6708
-2042
-2390
-2676
-2990
-3421
-4059
-4993
-6204
-7474
-8592
-9350
-9536
-8941
-7674
-6121
-4479
-2948
-1724
-1008
-871
-1188
-1861
-2790
-3875
-5018
-5953
-6549
-6904
-7118
-7291
-7521
-2121
-2369
-2567
-2805
-3168
-3743
-4618
-5797
-7039
-8146
-8919
-9162
-8676
-7551
-6151
-4664
-3278
-2180
-1556
-1358
-1584
-2142
-2936
-3874
-4862
-5899
-6612
-7095
-7440
-7742
-8094
-2160
-2312
-2428
-2595
-2895
-3414
-4235
-5380
-6592
-7686
-8474
-8772
-8394
-7388
-6122
-4770
-3510
-2516
-1964
-1766
-1962
-2464
-3185
-4036
-4930
-5986
-6733
-7260
-7653
-8001
-8392
-2185
-2242
-2278
-2375
-2614
-3077
-3846
-4949
-6123
-7193
-7987
-8331
-8053
-7156
-6013
-4786
-3640
-2740
-2251
-2096
-2307
-2799
-3490
-4300
-5145
-6154
-6869
-7373
-7749
-8078
-8442
-2223
-2184
-2137
-2161
-2336
-2741
-3455
-4499
-5617
-6649
-7433
-7807
-7611
-6823
-5802
-4699
-3667
-2861
-2432
-2351
-2604
-3115
-3807
-4603
-5428
-6341
-6977
-7411
-7720
-7981
-8271
-2303
-2160
-2023
-1968
-2072
-2412
-3064
-4026
-5066
-6035
-6784
-7165
-7028
-6358
-5468
-4498
-3590
-2885
-2527
-2532
-2841
-3383
-4088
-4885
-5702
-6489
-7013
-7347
-7559
-7721
-7905
-2453
-2195
-1956
-1811
-1833
-2097
-2677
-3525
-4455
-5331
-6015
-6372
-6264
-5730
-4989
-4170
-3405
-2821
-2552
-2640
-3003
-3574
-4289
-5082
-5890
-6537
-6937
-7155
-7257
-7308
-7372
