                   00001502.B0l 1
                      g_glb.dat 	   4.93 	   2.21 	   1.43 	   1.21 	   5.50 	   3.00 	   1.29 	   1.21
                      g_dir.dat 	   0.00 	  -3.00 	   1.00
                     g_step.dat 	   2.29 	  30.00 	  20.00 	  20.00 	   2.47 	  30.00 	  18.00 	  19.00
                    max_min.dat	    1.19	    1.07	    1.17	    1.31	    1.35	    1.33	    1.20	    1.05	    0.96	    0.96	    0.99	    1.07	    1.20	    1.34	    1.49	    1.64	    1.78	    1.91	    1.96	    1.91	    1.80	    1.75	    1.76	    1.82	    1.79	    1.78	    1.79	    1.81	    1.83	    1.78	    1.74	    1.70	    1.70	    1.69	    1.66	    1.64	    1.62	    1.60	    1.58	    1.56	    1.54	    1.51	    1.49	    1.48	    1.46	    1.44	    1.43	    1.42	    1.42	    1.41	    1.43	    1.44	    1.45	    1.47	    1.50	    1.53	    1.57	    1.59	    1.60	    1.57	    1.49	    1.40	    1.28	    1.06
                    cor_max.dat 	  0.79 	  0.67 	  0.99 	  0.91 	  0.96 	  0.94 	  0.97 	  0.97  
                     correl.dat	   -0.16	    0.68	    0.74	    0.74	    0.72	    0.71	    0.70	    0.68	    0.65	    0.63	    0.63	    0.67	    0.73	    0.79	    0.84	    0.86	    0.87	    0.89	    0.90	    0.89	    0.87	    0.85	    0.84	    0.85	    0.87	    0.89	    0.91	    0.93	    0.93	    0.94	    0.94	    0.94	    0.94	    0.94	    0.94	    0.94	    0.94	    0.94	    0.93	    0.93	    0.93	    0.93	    0.93	    0.93	    0.92	    0.92	    0.92	    0.92	    0.92	    0.92	    0.92	    0.92	    0.92	    0.92	    0.92	    0.91	    0.91	    0.90	    0.89	    0.87	    0.85	    0.81	    0.75	    0.66
               max_minValue.dat	    0.62	    0.56	    0.64	    1.64	    1.70	    1.42	  696.00	 -585.00	 1188.00	 -1113.00	 1418.00	 -1215.00	 1452.00	 -1112.00	 1390.00	 -1028.00	 1326.00	 -998.00	 1223.00	 -1023.00	 1103.00	 -1054.00	 1036.00	 -1074.00	 1029.00	 -1075.00	 1053.00	 -1066.00	 1164.00	 -1086.00	 1385.00	 -1152.00	 1658.00	 -1241.00	 2032.00	 -1364.00	 2400.00	 -1463.00	 2701.00	 -1516.00	 3008.00	 -1571.00	 3231.00	 -1646.00	 3401.00	 -1785.00	 3592.00	 -1992.00	 3830.00	 -2194.00	 4197.00	 -2380.00	 4699.00	 -2587.00	 5291.00	 -2961.00	 5960.00	 -3357.00	 6619.00	 -3704.00	 7268.00	 -4012.00	 7824.00	 -4285.00	 8266.00	 -4643.00	 8551.00	 -4919.00	 8669.00	 -5087.00	 8669.00	 -5087.00	 8667.00	 -5143.00	 8611.00	 -5175.00	 8530.00	 -5193.00	 8409.00	 -5183.00	 8240.00	 -5157.00	 8115.00	 -5132.00	 7908.00	 -5077.00	 7671.00	 -4995.00	 7408.00	 -4900.00	 7131.00	 -4776.00	 6844.00	 -4622.00	 6527.00	 -4474.00	 6196.00	 -4296.00	 5869.00	 -4109.00	 5543.00	 -3892.00	 5325.00	 -3759.00	 4989.00	 -3534.00	 4689.00	 -3290.00	 4399.00	 -3054.00	 4090.00	 -2818.00	 3784.00	 -2568.00	 3477.00	 -2317.00	 3162.00	 -2065.00	 2847.00	 -1811.00	 2523.00	 -1584.00	 2306.00	 -1445.00	 1988.00	 -1266.00	 1660.00	 -1114.00	 1357.00	 -970.00	 1077.00	 -844.00	  803.00	 -756.00
                    cor_cor.dat 	  0.88 	  0.81 	  0.93 	  0.89 	  0.98 	  0.99 	  0.99 	  0.94  
                  direction.dat	   -0.69	   -0.21	   -0.21	   -0.21	   -0.21	   -0.23	   -0.21	   -0.19	   -0.13	   -0.10	   -0.08	   -0.08	   -0.06	   -0.09	   -0.10	   -0.08	   -0.07	   -0.07	   -0.06	   -0.12	   -0.12	   -0.10	   -0.10	   -0.09	   -0.05	   -0.01	   -0.01	   -0.05	   -0.05	   -0.06	   -0.06	   -0.06	   -0.06	   -0.06	   -0.06	   -0.06	   -0.06	   -0.06	   -0.06	   -0.06	   -0.06	   -0.06	   -0.06	   -0.05	   -0.05	   -0.05	   -0.05	   -0.05	   -0.05	   -0.05	   -0.05	   -0.05	   -0.05	   -0.05	   -0.05	   -0.05	   -0.03	   -0.01	   -0.01	    0.05	    0.05	   -0.19	   -0.19	   -0.24
                    cor_dir.dat 	  0.85 	  0.85 	  0.84 	  0.87 	 -0.52 	  0.92 	  0.87 	 -0.66  
                 StepPoints.dat 	 0.17 	 0.48 	 0.47 	 0.53 	 0.47 	 0.45 	 0.47 	 0.48 	 0.53 	 0.50 	 0.45 	 0.62 	 0.56 	 0.53 	 0.48 	 0.67 	 0.64
                 PointsComp.dat 	 0.16
                dir_changes.dat	    0.00	    0.48	    0.00	    0.00	    0.00	   -0.02	    0.02	    0.02	    0.05	    0.03	    0.02	    0.00	    0.02	   -0.03	   -0.01	    0.02	    0.02	    0.00	    0.01	   -0.06	    0.00	    0.02	    0.00	    0.01	    0.05	    0.03	    0.00	   -0.04	    0.00	   -0.01	    0.00	    0.00	    0.00	    0.00	    0.00	    0.00	    0.00	    0.00	    0.00	    0.00	    0.00	    0.00	    0.00	    0.01	    0.00	    0.00	    0.00	    0.00	    0.00	    0.00	   -0.01	    0.01	    0.00	    0.00	    0.00	    0.00	    0.01	    0.02	    0.00	    0.06	    0.00	   -0.24	   -0.00	   -0.05
            cor_dir_changes.dat 	  0.76 	  0.77 	 -0.00 	  0.00 	 -0.74 	  0.00 	  0.00 	 -0.74  
