D:\SOFTMAG\AVERAGED\00000803.000\00000803.r0l 
20 30
64 602
1598
2548
3405
4060
4406
4336
3742
2715
1532
363
-621
-1254
-1364
-942
-223
600
1336
1791
1773
1278
499
-466
-1524
-2577
-3528
-4119
-4224
-3937
-3355
-2576
-1695
984
1955
2839
3529
3920
3907
3383
2459
1389
338
-531
-1055
-1068
-738
-119
611
1277
1698
1699
1438
900
171
-656
-1496
-2259
-2908
-3125
-2997
-2614
-2065
-1439
440
1420
2319
3032
3455
3486
3020
2202
1246
313
-439
-852
-767
-532
-15
620
1212
1598
1615
1570
1253
744
126
-520
-1113
-1802
-2113
-2127
-1926
-1590
-1201
33
998
1888
2600
3033
3085
2653
1914
1047
206
-455
-783
-626
-460
-21
543
1087
1461
1520
1657
1528
1207
766
280
-176
-868
-1237
-1357
-1300
-1140
-952
-169
746
1592
2269
2676
2713
2282
1568
736
-65
-688
-986
-809
-661
-248
297
844
1260
1412
1685
1698
1516
1206
834
466
-173
-545
-714
-746
-708
-665
-99
720
1476
2070
2405
2382
1904
1135
258
-584
-1250
-1596
-1481
-1272
-806
-199
429
965
1289
1637
1730
1627
1387
1068
729
215
-84
-228
-275
-283
-312
311
976
1585
2039
2243
2102
1520
588
-441
-1433
-2249
-2753
-2807
-2430
-1805
-1032
-214
547
1150
1497
1596
1497
1252
911
526
232
97
72
103
142
136
957
1452
1906
2212
2263
1950
1168
-108
-1484
-2793
-3871
-4551
-4668
-4021
-3074
-1963
-823
209
999
1341
1389
1209
870
439
-15
-293
-323
-174
85
390
670
1658
1980
2278
2434
2328
1843
859
-789
-2537
-4190
-5556
-6439
-6645
-5709
-4423
-2956
-1476
-153
843
1163
1142
864
414
-123
-663
-904
-810
-466
43
634
1222
2360
2508
2650
2655
2393
1734
548
-1444
-3535
-5504
-7129
-8186
-8453
-7258
-5662
-3868
-2078
-495
679
971
877
497
-67
-717
-1348
-1553
-1336
-798
-41
835
1728
3011
2987
2973
2827
2408
1576
188
-2063
-4414
-6615
-8414
-9561
-9806
-8428
-6600
-4557
-2534
-769
504
777
617
141
-531
-1284
-2000
-2193
-1877
-1169
-187
949
2125
3561
3365
3196
2900
2327
1323
-264
-2636
-5108
-7401
-9236
-10334
-10417
-8983
-7048
-4881
-2752
-929
317
590
383
-168
-930
-1768
-2548
-2775
-2406
-1574
-414
938
2349
3957
3591
3270
2828
2102
928
-857
-3155
-5552
-7743
-9419
-10273
-10000
-8683
-6815
-4699
-2636
-931
116
419
197
-399
-1219
-2110
-2923
-3252
-2897
-2010
-740
759
2339
4181
3450
2783
2063
1171
-10
-1598
-3431
-5320
-7025
-8311
-8937
-8667
-7476
-5861
-4069
-2343
-928
-68
39
-258
-841
-1587
-2372
-3074
-3237
-2827
-1968
-781
609
2083
4247
3169
2177
1198
160
-1008
-2381
-3664
-4958
-6094
-6904
-7217
-6865
-5872
-4585
-3189
-1872
-821
-223
-281
-627
-1167
-1809
-2459
-3023
-3075
-2668
-1895
-849
376
1688
4148
2767
1491
296
-844
-1959
-3072
-3777
-4450
-4989
-5295
-5268
-4807
-4055
-3137
-2180
-1314
-669
-374
-571
-937
-1408
-1920
-2406
-2804
-2780
-2409
-1754
-881
144
1259
3877
2257
765
-579
-1758
-2751
-3540
-3697
-3779
-3752
-3585
-3247
-2708
-2208
-1669
-1162
-759
-532
-551
-861
-1221
-1596
-1950
-2248
-2453
-2362
-2036
-1510
-820
-3
907
3425
1657
38
-1367
-2494
-3277
-3651
-3349
-2927
-2422
-1871
-1311
-780
-513
-334
-257
-297
-467
-780
-1178
-1507
-1762
-1934
-2018
-2007
-1834
-1539
-1127
-606
17
736
2787
983
-650
-2004
-2967
-3427
-3274
-2659
-1879
-1041
-251
384
760
846
716
413
-17
-534
-1091
-1552
-1827
-1938
-1905
-1752
-1500
-1207
-904
-568
-177
290
857
2077
672
-601
-1652
-2387
-2717
-2548
-1858
-1032
-166
644
1303
1716
1488
1079
535
-95
-766
-1428
-1723
-1840
-1803
-1637
-1364
-1009
-688
-380
-60
295
708
1205
1421
417
-492
-1235
-1740
-1935
-1748
-1090
-325
461
1185
1762
2105
1666
1080
398
-328
-1049
-1713
-1859
-1837
-1672
-1391
-1017
-578
-209
124
447
786
1166
1612
821
211
-342
-786
-1069
-1137
-939
-392
233
863
1422
1837
2032
1470
796
65
-669
-1353
-1931
-1946
-1803
-1528
-1149
-693
-187
237
603
937
1268
1620
2023
281
45
-171
-336
-416
-377
-188
199
636
1059
1404
1607
1605
992
303
-405
-1075
-1649
-2068
-1970
-1723
-1355
-896
-375
179
655
1050
1391
1708
2030
2386
-195
-87
0
84
175
289
439
646
874
1069
1179
1151
930
324
-323
-951
-1500
-1907
-2111
-1916
-1581
-1138
-615
-45
541
1052
1459
1791
2079
2353
2645
-604
-196
154
443
663
810
877
911
938
914
798
545
116
-442
-1007
-1514
-1900
-2098
-2046
-1770
-1363
-859
-290
312
916
1434
1824
2118
2349
2548
2748
-935
-552
-197
129
429
702
948
800
660
492
258
-78
-554
-933
-1334
-1692
-1939
-2008
-1834
-1423
-919
-357
230
811
1350
1874
2225
2434
2536
2563
2550
-1186
-916
-646
-370
-80
228
565
357
174
-14
-241
-538
-937
-1157
-1416
-1644
-1773
-1734
-1459
-926
-338
268
862
1406
1868
2323
2557
2605
2503
2283
1980
-1358
-1280
-1173
-1025
-823
-554
-206
-379
-509
-624
-750
-913
-1139
-1206
-1327
-1430
-1446
-1304
-934
-293
364
1003
1587
2082
2453
2773
2827
2651
2279
1748
1092
-1455
-1635
-1757
-1804
-1756
-1595
-1300
-1372
-1384
-1359
-1318
-1280
-1268
-1171
-1143
-1112
-1005
-749
-273
461
1174
1829
2390
2821
3085
3219
3041
2588
1896
1001
-60
-1482
-1973
-2379
-2675
-2836
-2836
-2650
-2583
-2441
-2239
-1993
-1718
-1431
-1144
-942
-749
-493
-97
510
1323
2076
2732
3255
3606
3748
3656
3206
2435
1382
84
-1423
-1442
-2287
-3020
-3608
-4020
-4225
-4191
-3977
-3671
-3284
-2825
-2305
-1734
-1215
-797
-403
44
620
1403
2277
3054
3696
4163
4418
4424
4076
3326
2210
768
-961
-2943
