                   00000803.B0l 1
                      g_glb.dat 	  15.79 	   6.29 	   3.71 	   5.29 	  10.14 	   2.50 	   5.86 	   1.79
                      g_dir.dat 	   0.00 	 -292.00 	  64.00
                     g_step.dat 	   2.79 	  43.00 	  13.00 	  25.00 	   5.07 	  37.00 	  83.00 	  27.00
                    max_min.dat	    1.13	    1.10	    1.10	    1.07	    1.03	    1.00	    1.00	    0.97	    0.94	    0.91	    0.91	    0.90	    0.88	    0.87	    0.87	    0.87	    0.88	    0.89	    0.89	    0.91	    0.93	    0.96	    0.96	    1.00	    1.05	    1.10	    1.10	    1.16	    1.22	    1.30	    1.30	    1.38	    1.38	    1.78	    2.23	    2.60	    2.47	    2.37	    2.39	    2.52	    2.74	    2.94	    3.02	    2.90	    2.71	    2.05	    1.63	    1.46	    1.46	    1.57	    1.80	    2.10	    2.41	    1.91	    1.42	    1.11	    0.83	    0.64	    0.67	    0.96	    1.16	    1.09	    0.79	    0.44
                    cor_max.dat 	  0.75 	  0.66 	  0.87 	  0.87 	  0.81 	  0.78 	  0.82 	  0.83  
                     correl.dat	    0.53	    0.52	    0.52	    0.52	    0.52	    0.52	    0.52	    0.51	    0.51	    0.51	    0.51	    0.51	    0.51	    0.52	    0.52	    0.52	    0.53	    0.53	    0.53	    0.54	    0.55	    0.55	    0.55	    0.56	    0.56	    0.57	    0.57	    0.57	    0.57	    0.57	    0.57	    0.57	    0.57	    0.57	    0.55	    0.53	    0.50	    0.50	    0.50	    0.51	    0.51	    0.51	    0.51	    0.52	    0.52	    0.52	    0.52	    0.52	    0.53	    0.54	    0.54	    0.54	    0.54	    0.53	    0.50	    0.46	    0.40	    0.32	    0.23	    0.11	   -0.14	   -0.19	   -0.22	   -0.22
               max_minValue.dat	    0.14	   -0.07	    0.41	   -0.87	    1.38	    1.46	  991.00	 -879.00	  988.00	 -897.00	  988.00	 -897.00	  987.00	 -924.00	  985.00	 -957.00	  989.00	 -990.00	  989.00	 -990.00	  993.00	 -1029.00	  999.00	 -1068.00	 1009.00	 -1103.00	 1009.00	 -1103.00	 1022.00	 -1139.00	 1038.00	 -1175.00	 1056.00	 -1208.00	 1056.00	 -1208.00	 1078.00	 -1236.00	 1105.00	 -1257.00	 1131.00	 -1272.00	 1131.00	 -1272.00	 1165.00	 -1284.00	 1199.00	 -1289.00	 1237.00	 -1286.00	 1237.00	 -1286.00	 1275.00	 -1275.00	 1318.00	 -1257.00	 1357.00	 -1238.00	 1357.00	 -1238.00	 1398.00	 -1209.00	 1441.00	 -1177.00	 1480.00	 -1139.00	 1480.00	 -1139.00	 1520.00	 -1099.00	 1520.00	 -1099.00	 1635.00	 -921.00	 1679.00	 -753.00	 1641.00	 -631.00	 1512.00	 -611.00	 1388.00	 -586.00	 1276.00	 -533.00	 1190.00	 -472.00	 1130.00	 -413.00	 1098.00	 -373.00	 1074.00	 -356.00	 1064.00	 -367.00	 1048.00	 -387.00	 1023.00	 -498.00	  991.00	 -608.00	  961.00	 -660.00	  944.00	 -648.00	  943.00	 -599.00	  951.00	 -528.00	  958.00	 -457.00	  953.00	 -395.00	  932.00	 -487.00	  861.00	 -605.00	  756.00	 -682.00	  603.00	 -723.00	  466.00	 -728.00	  469.00	 -699.00	  621.00	 -645.00	  664.00	 -570.00	  575.00	 -528.00	  402.00	 -508.00	  227.00	 -513.00
                    cor_cor.dat 	  0.80 	  0.85 	  0.78 	  0.78 	  0.71 	  0.76 	  0.76 	  0.51  
                  direction.dat	   -0.94	   -0.94	   -0.94	   -0.94	   -0.94	   -0.94	   -0.94	   -0.94	   -0.94	   -0.94	   -0.94	   -0.94	   -0.94	   -0.94	   -0.94	   -0.94	   -0.94	   -0.94	   -0.94	   -0.94	   -0.94	   -0.94	   -0.94	   -0.94	   -0.94	   -0.94	   -0.94	   -0.94	   -0.94	   -0.94	   -0.94	   -0.94	   -0.94	   -0.94	   -0.94	   -0.94	   -0.75	   -0.75	   -0.75	   -0.75	   -0.75	   -0.84	   -0.75	   -0.75	   -0.75	   -0.94	   -0.94	   -0.94	   -0.94	   -0.94	   -0.94	   -0.94	   -0.75	   -0.75	   -0.75	   -0.75	   -0.73	   -0.56	    0.75	    0.75	    0.78	    0.78	    0.78	   -0.56
                    cor_dir.dat 	  0.45 	  0.55 	  0.40 	  0.40 	  0.27 	  0.28 	  0.26 	  0.28  
                 StepPoints.dat 	 0.42 	 0.55 	 0.64 	 0.34 	 0.39 	 0.47 	 0.53 	 0.42 	 0.39 	 0.31 	 0.39 	 0.55 	 0.41 	 0.50 	 0.38 	 0.36 	 0.44
                 PointsComp.dat 	 0.37
                dir_changes.dat	    0.00	    0.00	    0.00	    0.00	    0.00	    0.00	    0.00	    0.00	    0.00	    0.00	    0.00	    0.00	    0.00	    0.00	    0.00	    0.00	    0.00	    0.00	    0.00	    0.00	    0.00	    0.00	    0.00	    0.00	    0.00	    0.00	    0.00	    0.00	    0.00	    0.00	    0.00	    0.00	    0.00	    0.00	    0.00	    0.00	    0.19	    0.00	    0.00	    0.00	    0.00	   -0.09	    0.09	    0.00	    0.00	   -0.19	    0.00	    0.00	    0.00	    0.00	    0.00	    0.00	    0.19	    0.00	    0.00	    0.00	    0.02	    0.17	    1.31	    0.00	    0.03	    0.00	    0.00	   -1.34
            cor_dir_changes.dat 	  0.00 	  0.00 	  0.00 	  0.40 	 -0.03 	  0.00 	  0.22 	 -0.05  
