D:\SOFTMAG\cryoton\averaged\00001001.000\00001001.r0l 
20 30
64 762
-627
-222
165
500
746
868
828
639
390
162
33
81
388
930
1572
2220
2782
3164
3274
3114
2785
2333
1804
1244
702
299
100
57
124
254
401
-1819
-1286
-766
-291
102
381
511
432
299
189
179
346
768
1359
2041
2729
3338
3784
3982
3956
3754
3418
2990
2512
2027
1527
1189
970
828
722
608
-2911
-2273
-1642
-1050
-531
-116
160
184
157
157
257
534
1063
1698
2415
3137
3787
4291
4572
4685
4615
4400
4078
3687
3264
2684
2225
1849
1517
1192
836
-3782
-3081
-2381
-1715
-1112
-604
-221
-113
-51
39
232
601
1220
1900
2651
3407
4099
4661
5025
5270
5325
5224
5001
4689
4322
3695
3148
2647
2157
1647
1081
-4314
-3610
-2904
-2224
-1599
-1059
-631
-467
-342
-187
71
505
1186
1916
2707
3502
4242
4867
5320
5678
5840
5835
5692
5441
5111
4484
3895
3316
2716
2066
1337
-4385
-3760
-3128
-2516
-1950
-1459
-1069
-883
-733
-548
-260
202
909
1700
2542
3387
4185
4885
5437
5878
6116
6176
6084
5864
5541
4974
4405
3808
3159
2431
1601
-3877
-3431
-2974
-2530
-2124
-1782
-1530
-1368
-1237
-1069
-796
-350
338
1205
2115
3026
3898
4688
5357
5838
6110
6194
6109
5878
5520
5090
4616
4078
3454
2725
1869
-2925
-2793
-2621
-2432
-2248
-2089
-1979
-1929
-1889
-1789
-1556
-1119
-405
553
1563
2578
3550
4434
5180
5624
5856
5899
5777
5513
5131
4764
4373
3934
3424
2820
2097
-1847
-2047
-2180
-2265
-2320
-2364
-2414
-2482
-2540
-2513
-2326
-1904
-1170
-121
988
2106
3178
4153
4977
5365
5539
5523
5345
5031
4608
4320
4028
3706
3325
2862
2288
-788
-1322
-1763
-2125
-2423
-2672
-2887
-3071
-3226
-3272
-3130
-2722
-1969
-839
359
1568
2729
3785
4677
5026
5157
5100
4883
4536
4087
3883
3694
3491
3244
2925
2505
104
-751
-1486
-2112
-2639
-3080
-3445
-3740
-3984
-4096
-3993
-3592
-2812
-1622
-356
924
2154
3270
4208
4569
4710
4662
4457
4128
3705
3575
3481
3388
3267
3085
2809
683
-464
-1463
-2323
-3050
-3652
-4139
-4531
-4852
-5017
-4939
-4532
-3711
-2493
-1188
132
1400
2546
3500
3959
4195
4242
4135
3909
3598
3522
3500
3498
3481
3414
3262
803
-591
-1809
-2856
-3737
-4456
-5018
-5487
-5865
-6063
-5992
-5560
-4680
-3472
-2170
-848
417
1553
2484
3161
3611
3873
3984
3981
3902
3846
3865
3919
3973
3988
3927
472
-1073
-2439
-3620
-4613
-5412
-6013
-6447
-6770
-6917
-6825
-6428
-5661
-4550
-3378
-2178
-985
164
1238
2186
2954
3559
4021
4355
4579
4771
4922
5016
5035
4961
4778
-144
-1792
-3256
-4522
-5577
-6407
-6998
-7379
-7630
-7711
-7581
-7201
-6531
-5539
-4516
-3458
-2359
-1214
-17
1232
2350
3332
4176
4879
5439
5855
6116
6225
6186
6000
5670
-966
-2674
-4193
-5501
-6575
-7393
-7930
-8235
-8389
-8378
-8186
-7799
-7202
-6340
-5480
-4576
-3584
-2457
-1149
397
1859
3212
4434
5501
6391
7002
7344
7440
7313
6986
6482
-1913
-3643
-5181
-6495
-7552
-8321
-8769
-8964
-8988
-8853
-8567
-8140
-7582
-6856
-6163
-5420
-4540
-3436
-2023
-222
1540
3222
4778
6166
7344
8115
8504
8553
8305
7803
7091
-2901
-4625
-6152
-7442
-8453
-9143
-9473
-9517
-9371
-9070
-8649
-8142
-7583
-6989
-6463
-5878
-5107
-4025
-2505
-529
1453
3382
5192
6821
8205
9098
9495
9458
9051
8335
7375
-3851
-5545
-7039
-8281
-9223
-9812
-10000
-9844
-9479
-8965
-8359
-7722
-7114
-6644
-6274
-5837
-5166
-4095
-2459
-428
1657
3714
5660
7410
8883
9855
10216
10049
9437
8465
7214
-4610
-6278
-7741
-8939
-9810
-10291
-10323
-9957
-9381
-8663
-7867
-7060
-6308
-5795
-5411
-4998
-4394
-3442
-1979
24
2082
4116
6044
7787
9265
10032
10214
9891
9144
8052
6695
-5109
-6763
-8208
-9373
-10184
-10570
-10459
-9894
-9121
-8210
-7237
-6272
-5390
-4818
-4406
-4001
-3449
-2599
-1296
593
2538
4461
6285
7934
9331
9921
9953
9503
8648
7465
6031
-5388
-7037
-8473
-9613
-10374
-10673
-10427
-9681
-8726
-7641
-6506
-5401
-4405
-3762
-3310
-2901
-2390
-1631
-476
1232
2995
4740
6392
7879
9127
9571
9483
8937
8006
6763
5282
-5489
-7138
-8569
-9690
-10406
-10624
-10249
-9342
-8225
-6987
-5711
-4486
-3397
-2675
-2175
-1756
-1278
-601
413
1891
3424
4941
6372
7648
8699
9030
8856
8247
7273
6003
4509
-5453
-7103
-8532
-9636
-10309
-10447
-9944
-8901
-7648
-6280
-4889
-3569
-2411
-1607
-1055
-621
-171
426
1305
2522
3794
5054
6234
7269
8092
8346
8122
7486
6505
5245
3773
-5319
-6969
-8395
-9480
-10109
-10166
-9535
-8383
-7024
-5555
-4077
-2690
-1493
-606
-1
448
869
1388
2132
3077
4077
5068
5986
6768
7352
7568
7332
6707
5758
4546
3136
-5196
-6729
-8054
-9060
-9640
-9681
-9074
-7856
-6447
-4939
-3427
-2003
-761
115
730
1189
1601
2074
2714
3399
4140
4885
5579
6169
6601
6715
6455
5876
5031
3974
2758
-5139
-6539
-7749
-8663
-9177
-9188
-8592
-7351
-5937
-4435
-2933
-1518
-277
576
1186
1640
2029
2440
2962
3450
3998
4561
5095
5557
5900
5961
5726
5241
4549
3695
2723
-5107
-6364
-7446
-8256
-8694
-8664
-8066
-6844
-5465
-4010
-2560
-1194
4
823
1418
1857
2211
2549
2943
3279
3678
4105
4525
4903
5204
5257
5093
4748
4255
3650
2968
-5060
-6165
-7112
-7809
-8164
-8083
-7476
-6310
-5004
-3632
-2270
-991
129
907
1478
1895
2207
2466
2724
2935
3212
3529
3861
4182
4466
4556
4507
4344
4094
3782
3433
-4956
-5904
-6712
-7292
-7558
-7423
-6801
-5724
-4523
-3268
-2027
-867
141
875
1420
1811
2078
2254
2373
2466
2629
2843
3095
3366
3642
3809
3915
3977
4010
4032
4057
-4755
-5545
-6211
-6673
-6849
-6659
-6022
-5061
-3995
-2885
-1793
-782
87
775
1295
1660
1883
1977
1957
1921
1957
2059
2218
2429
2685
2967
3267
3591
3947
4341
4780
