                   00001001.B0l 1
                      g_glb.dat 	   5.14 	   3.36 	   1.00 	   0.79 	   0.36 	   0.00 	   0.14 	   0.21
                      g_dir.dat 	   0.00 	 -37.00 	  25.00
                     g_step.dat 	   2.42 	  50.00 	  14.00 	  11.00 	   0.16 	   0.00 	   2.00 	   3.00
                    max_min.dat	    0.82	    1.02	    1.17	    1.24	    1.50	    1.39	    1.34	    1.28	    1.20	    1.18	    1.23	    1.37	    1.55	    1.60	    1.72	    1.70	    1.64	    1.62	    1.64	    1.64	    1.69	    1.76	    1.85	    1.83	    1.77	    1.71	    1.68	    1.67	    1.67	    1.68	    1.68	    1.65	    1.65	    1.64	    1.63	    1.62	    1.60	    1.59	    1.56	    1.54	    1.51	    1.49	    1.46	    1.42	    1.39	    1.37	    1.33	    1.30	    1.24	    1.21	    1.18	    1.14	    1.10	    1.07	    1.04	    1.01	    0.98	    0.95	    0.92	    0.91	    0.90	    0.90	    0.89	    0.89
                    cor_max.dat 	  0.78 	  0.62 	  0.95 	  0.98 	  0.90 	  0.95 	  0.91 	  0.82  
                     correl.dat	    0.29	    0.41	    0.46	    0.51	    0.57	    0.59	    0.60	    0.61	    0.62	    0.64	    0.67	    0.71	    0.74	    0.77	    0.79	    0.81	    0.82	    0.82	    0.82	    0.82	    0.83	    0.84	    0.85	    0.86	    0.87	    0.87	    0.87	    0.88	    0.88	    0.89	    0.89	    0.89	    0.89	    0.89	    0.89	    0.89	    0.89	    0.89	    0.89	    0.89	    0.89	    0.88	    0.88	    0.88	    0.88	    0.87	    0.87	    0.86	    0.85	    0.85	    0.84	    0.84	    0.83	    0.82	    0.82	    0.81	    0.80	    0.80	    0.79	    0.78	    0.78	    0.77	    0.77	    0.76
               max_minValue.dat	    0.62	    0.59	    0.64	    1.70	    1.65	    1.30	  567.00	 -692.00	  600.00	 -587.00	  605.00	 -516.00	  551.00	 -446.00	  525.00	 -350.00	  530.00	 -381.00	  538.00	 -401.00	  560.00	 -439.00	  581.00	 -486.00	  624.00	 -528.00	  691.00	 -560.00	  783.00	 -572.00	  923.00	 -597.00	 1052.00	 -656.00	 1203.00	 -699.00	 1335.00	 -784.00	 1455.00	 -888.00	 1576.00	 -970.00	 1731.00	 -1058.00	 1930.00	 -1178.00	 2197.00	 -1297.00	 2522.00	 -1435.00	 2962.00	 -1602.00	 3355.00	 -1838.00	 3762.00	 -2128.00	 4164.00	 -2429.00	 4556.00	 -2708.00	 4929.00	 -2959.00	 5332.00	 -3188.00	 5612.00	 -3341.00	 5802.00	 -3459.00	 5847.00	 -3537.00	 5847.00	 -3537.00	 5828.00	 -3544.00	 5786.00	 -3544.00	 5712.00	 -3531.00	 5629.00	 -3508.00	 5523.00	 -3478.00	 5323.00	 -3414.00	 5164.00	 -3363.00	 4985.00	 -3300.00	 4798.00	 -3229.00	 4598.00	 -3156.00	 4378.00	 -3075.00	 4158.00	 -2982.00	 3925.00	 -2874.00	 3695.00	 -2783.00	 3464.00	 -2666.00	 3115.00	 -2510.00	 2893.00	 -2395.00	 2681.00	 -2278.00	 2466.00	 -2163.00	 2250.00	 -2047.00	 2056.00	 -1918.00	 1882.00	 -1802.00	 1707.00	 -1685.00	 1543.00	 -1568.00	 1387.00	 -1463.00	 1189.00	 -1294.00	 1077.00	 -1190.00	  977.00	 -1085.00	  878.00	 -980.00	  787.00	 -889.00	  708.00	 -797.00
                    cor_cor.dat 	  0.81 	  0.74 	  0.82 	  0.85 	  0.97 	  0.99 	  0.97 	  0.96  
                  direction.dat	   -0.91	   -0.91	   -0.91	   -0.91	   -0.41	   -0.37	   -0.37	   -0.40	   -0.38	   -0.38	   -0.40	   -0.38	   -0.37	   -0.35	   -0.33	   -0.32	   -0.31	   -0.33	   -0.33	   -0.35	   -0.35	   -0.33	   -0.33	   -0.31	   -0.29	   -0.25	   -0.25	   -0.25	   -0.25	   -0.25	   -0.25	   -0.25	   -0.25	   -0.25	   -0.25	   -0.25	   -0.25	   -0.25	   -0.25	   -0.25	   -0.25	   -0.25	   -0.25	   -0.25	   -0.25	   -0.25	   -0.25	   -0.25	   -0.25	   -0.25	   -0.25	   -0.25	   -0.23	   -0.23	   -0.23	   -0.23	   -0.23	   -0.23	   -0.22	   -0.22	   -0.22	   -0.22	   -0.22	   -0.22
                    cor_dir.dat 	  0.55 	  0.56 	  0.48 	  0.62 	  0.25 	  0.53 	  0.50 	 -0.46  
                 StepPoints.dat 	 0.14 	 0.53 	 0.55 	 0.52 	 0.55 	 0.48 	 0.52 	 0.50 	 0.59 	 0.47 	 0.55 	 0.47 	 0.56 	 0.48 	 0.52 	 0.52 	 0.53
                 PointsComp.dat 	 0.11
                dir_changes.dat	    0.00	    0.01	    0.00	    0.00	    0.50	    0.04	    0.00	   -0.03	    0.02	    0.00	   -0.02	    0.02	    0.01	    0.02	    0.02	    0.00	    0.02	   -0.03	    0.00	   -0.02	    0.00	    0.02	    0.00	    0.02	    0.02	    0.04	    0.00	    0.00	    0.00	    0.00	    0.00	    0.00	    0.00	    0.00	    0.00	    0.00	    0.00	    0.00	    0.00	    0.00	    0.00	    0.00	    0.00	    0.00	    0.00	    0.00	    0.00	    0.00	    0.00	    0.00	    0.00	    0.00	    0.02	    0.00	   -0.00	    0.00	    0.00	    0.00	    0.01	    0.00	    0.00	    0.00	    0.00	    0.00
            cor_dir_changes.dat 	  0.17 	  0.14 	  0.18 	  0.00 	  0.05 	  0.00 	  0.44 	  0.03  
