D:\SOFTMAG\cryoton\averaged\00001201.000\00001201.r0l 
20 30
64 720
1128
1096
1097
1134
1215
1346
1534
1752
1980
2233
2525
2871
3285
3751
4221
4662
5040
5320
5470
5518
5530
5523
5514
5519
5557
5671
5884
6180
6542
6952
7395
669
695
747
833
959
1131
1356
1593
1843
2114
2412
2744
3119
3562
4007
4432
4812
5125
5347
5463
5565
5663
5770
5898
6058
6213
6446
6748
7105
7506
7939
253
329
428
556
719
926
1181
1434
1702
1986
2285
2601
2933
3348
3765
4169
4549
4891
5182
5355
5535
5729
5942
6182
6454
6656
6916
7230
7589
7987
8418
-109
5
137
295
485
713
987
1249
1530
1821
2117
2410
2694
3066
3438
3807
4170
4525
4869
5094
5348
5631
5945
6291
6671
6939
7247
7592
7973
8388
8837
-409
-273
-124
44
242
475
750
1015
1301
1594
1879
2142
2371
2672
2971
3276
3595
3935
4304
4581
4908
5281
5696
6148
6635
7003
7390
7800
8235
8701
9201
-636
-503
-361
-202
-19
195
448
707
990
1275
1541
1767
1932
2122
2308
2509
2742
3027
3381
3716
4121
4589
5110
5674
6273
6788
7300
7820
8356
8918
9514
-781
-678
-571
-452
-312
-145
57
301
571
838
1075
1253
1345
1371
1392
1436
1533
1710
1997
2399
2894
3467
4104
4791
5513
6231
6928
7617
8313
9030
9782
-864
-833
-800
-751
-676
-561
-396
-161
107
367
575
689
667
502
326
178
97
123
294
710
1266
1941
2717
3573
4490
5385
6262
7142
8044
8986
9990
-914
-961
-1007
-1035
-1030
-974
-852
-626
-358
-106
73
123
-11
-374
-753
-1099
-1363
-1495
-1446
-1019
-406
367
1278
2300
3409
4477
5533
6601
7706
8873
10127
-931
-1057
-1183
-1290
-1355
-1360
-1281
-1067
-803
-562
-413
-429
-680
-1231
-1805
-2341
-2779
-3061
-3124
-2702
-2047
-1190
-161
1010
2295
3530
4758
6008
7311
8696
10193
-914
-1115
-1319
-1500
-1633
-1694
-1656
-1459
-1204
-978
-865
-952
-1325
-2041
-2786
-3489
-4079
-4487
-4640
-4251
-3583
-2672
-1551
-257
1174
2567
3957
5379
6869
8461
10192
-864
-1132
-1404
-1651
-1844
-1953
-1947
-1775
-1537
-1333
-1264
-1431
-1932
-2777
-3656
-4488
-5192
-5688
-5894
-5579
-4938
-4012
-2841
-1466
72
1608
3146
4726
6390
8176
10127
-781
-1102
-1430
-1730
-1969
-2113
-2127
-1989
-1778
-1607
-1593
-1848
-2489
-3410
-4371
-5281
-6047
-6580
-6787
-6598
-6037
-5150
-3981
-2577
-984
677
2345
4066
5884
7847
10000
-683
-1008
-1342
-1655
-1920
-2108
-2192
-2148
-2040
-1968
-2032
-2333
-2973
-3889
-4827
-5711
-6468
-7022
-7300
-7145
-6644
-5836
-4758
-3447
-1940
-215
1556
3413
5391
7527
9860
-590
-906
-1230
-1541
-1817
-2035
-2174
-2223
-2216
-2239
-2380
-2725
-3362
-4238
-5116
-5939
-6650
-7191
-7504
-7405
-6989
-6285
-5321
-4127
-2731
-973
873
2835
4941
7221
9703
-504
-798
-1102
-1400
-1675
-1912
-2094
-2227
-2313
-2424
-2633
-3014
-3639
-4446
-5237
-5970
-6606
-7105
-7426
-7395
-7075
-6487
-5651
-4586
-3314
-1572
296
2313
4498
6871
9451
-425
-690
-966
-1242
-1509
-1757
-1975
-2178
-2341
-2525
-2788
-3190
-3790
-4506
-5188
-5810
-6351
-6786
-7093
-7131
-6909
-6437
-5729
-4794
-3645
-1991
-169
1831
4023
6418
9027
-353
-585
-828
-1079
-1334
-1588
-1839
-2090
-2310
-2546
-2842
-3244
-3797
-4410
-4968
-5465
-5896
-6254
-6533
-6629
-6493
-6127
-5535
-4719
-3683
-2207
-523
1371
3480
5806
8353
-289
-487
-697
-922
-1164
-1424
-1707
-1979
-2229
-2490
-2792
-3166
-3646
-4147
-4575
-4941
-5256
-5530
-5774
-5906
-5833
-5550
-5051
-4332
-3386
-2198
-763
914
2829
4977
7351
-231
-433
-642
-861
-1091
-1336
-1597
-1859
-2098
-2344
-2623
-2962
-3389
-3791
-4128
-4409
-4638
-4822
-4966
-5069
-4995
-4743
-4307
-3687
-2878
-1864
-650
761
2367
4165
6151
-180
-387
-597
-812
-1034
-1266
-1507
-1749
-1969
-2191
-2437
-2732
-3099
-3418
-3683
-3896
-4058
-4171
-4234
-4288
-4194
-3952
-3561
-3020
-2329
-1494
-506
634
1926
3369
4962
-134
-347
-558
-771
-985
-1203
-1427
-1643
-1837
-2029
-2237
-2482
-2782
-3033
-3241
-3401
-3511
-3566
-3564
-3555
-3427
-3182
-2821
-2347
-1760
-1098
-331
542
1525
2618
3824
-94
-311
-523
-731
-936
-1140
-1344
-1531
-1697
-1856
-2024
-2216
-2446
-2641
-2802
-2920
-2988
-2998
-2940
-2862
-2692
-2437
-2099
-1682
-1192
-688
-127
494
1183
1941
2774
-58
-277
-486
-687
-880
-1067
-1248
-1407
-1545
-1672
-1799
-1938
-2100
-2245
-2367
-2451
-2485
-2456
-2350
-2200
-1987
-1719
-1402
-1042
-646
-276
103
499
919
1368
1853
-28
-243
-445
-633
-810
-974
-1128
-1263
-1376
-1474
-1565
-1655
-1751
-1851
-1936
-1990
-1994
-1929
-1780
-1561
-1309
-1033
-740
-441
-144
127
361
566
752
926
1099
-1
-167
-322
-473
-625
-784
-954
-1074
-1182
-1274
-1347
-1397
-1420
-1461
-1474
-1457
-1406
-1319
-1191
-973
-743
-503
-256
-1
258
315
371
427
486
548
615
21
-82
-179
-281
-397
-538
-713
-834
-952
-1054
-1125
-1151
-1118
-1089
-1019
-921
-805
-683
-567
-376
-196
-20
154
337
531
449
402
385
392
417
454
40
8
-20
-63
-133
-245
-415
-550
-692
-817
-899
-914
-837
-731
-571
-384
-195
-32
78
220
330
419
501
590
698
542
457
432
452
504
576
55
104
150
176
160
84
-72
-230
-405
-563
-666
-681
-570
-383
-129
150
414
622
732
810
833
821
794
773
778
603
536
557
646
781
943
66
201
331
430
476
442
306
118
-97
-294
-425
-445
-308
-39
307
679
1019
1272
1381
1385
1311
1187
1041
901
794
645
641
753
956
1219
1516
72
298
516
695
806
820
709
487
227
-11
-174
-204
-43
302
740
1200
1612
1906
2011
1936
1761
1522
1253
989
767
678
772
1011
1362
1789
2257
