                   00001201.B0l 1
                      g_glb.dat 	   1.80 	   0.80 	   0.30 	   0.40 	   4.90 	   3.00 	   0.90 	   0.70
                      g_dir.dat 	   0.00 	  -4.00 	   3.00
                     g_step.dat 	   0.62 	   8.00 	   3.00 	   7.00 	   1.44 	  24.00 	   9.00 	   7.00
                    max_min.dat	    0.41	    0.66	    0.74	    0.80	    0.80	    0.72	    0.62	    0.51	    0.42	    0.38	    0.41	    0.52	    0.68	    0.84	    1.03	    1.18	    1.23	    1.20	    1.09	    0.99	    0.91	    0.88	    0.92	    0.99	    1.10	    1.24	    1.32	    1.34	    1.32	    1.25	    1.19	    1.11	    1.11	    1.09	    1.07	    1.05	    1.03	    1.01	    0.99	    0.97	    0.95	    0.95	    0.95	    0.95	    0.95	    0.96	    0.97	    0.99	    1.01	    1.04	    1.07	    1.10	    1.14	    1.19	    1.24	    1.29	    1.38	    1.45	    1.52	    1.57	    1.60	    1.57	    1.53	    1.47
                    cor_max.dat 	  0.57 	  0.47 	  0.76 	  0.62 	  0.86 	  0.85 	  0.81 	  0.92  
                     correl.dat	   -0.13	    0.47	    0.53	    0.55	    0.56	    0.55	    0.52	    0.49	    0.47	    0.47	    0.50	    0.55	    0.62	    0.67	    0.72	    0.75	    0.77	    0.79	    0.80	    0.80	    0.79	    0.79	    0.81	    0.83	    0.86	    0.89	    0.90	    0.90	    0.91	    0.91	    0.91	    0.90	    0.90	    0.90	    0.89	    0.89	    0.88	    0.88	    0.88	    0.88	    0.87	    0.87	    0.87	    0.87	    0.87	    0.87	    0.87	    0.87	    0.87	    0.87	    0.87	    0.87	    0.86	    0.86	    0.85	    0.84	    0.83	    0.82	    0.81	    0.80	    0.79	    0.78	    0.76	    0.75
               max_minValue.dat	    0.25	    0.47	    0.10	    1.18	    1.11	   -0.99	  249.00	 -611.00	  442.00	 -674.00	  521.00	 -705.00	  562.00	 -704.00	  567.00	 -708.00	  534.00	 -743.00	  492.00	 -788.00	  434.00	 -858.00	  388.00	 -927.00	  376.00	 -979.00	  422.00	 -1024.00	  541.00	 -1048.00	  714.00	 -1052.00	  878.00	 -1045.00	 1077.00	 -1046.00	 1268.00	 -1074.00	 1398.00	 -1137.00	 1506.00	 -1260.00	 1567.00	 -1438.00	 1602.00	 -1614.00	 1667.00	 -1836.00	 1803.00	 -2043.00	 2041.00	 -2221.00	 2312.00	 -2339.00	 2697.00	 -2443.00	 3107.00	 -2502.00	 3434.00	 -2607.00	 3766.00	 -2807.00	 3984.00	 -3016.00	 4045.00	 -3225.00	 4037.00	 -3385.00	 3923.00	 -3522.00	 3923.00	 -3522.00	 3863.00	 -3546.00	 3796.00	 -3560.00	 3723.00	 -3557.00	 3642.00	 -3539.00	 3560.00	 -3537.00	 3470.00	 -3519.00	 3380.00	 -3482.00	 3235.00	 -3394.00	 3135.00	 -3310.00	 3033.00	 -3209.00	 2927.00	 -3094.00	 2820.00	 -2964.00	 2710.00	 -2821.00	 2598.00	 -2670.00	 2486.00	 -2510.00	 2373.00	 -2345.00	 2260.00	 -2178.00	 2143.00	 -2011.00	 2030.00	 -1845.00	 1917.00	 -1681.00	 1805.00	 -1521.00	 1693.00	 -1370.00	 1584.00	 -1226.00	 1417.00	 -1026.00	 1308.00	 -905.00	 1201.00	 -792.00	 1093.00	 -694.00	  989.00	 -620.00	  887.00	 -565.00	  786.00	 -514.00	  691.00	 -469.00
                    cor_cor.dat 	  0.76 	  0.67 	  0.81 	  0.76 	  0.98 	  0.98 	  0.98 	  0.97  
                  direction.dat	   -0.42	   -0.28	   -0.28	   -0.23	   -0.23	   -0.20	   -0.20	   -0.20	   -0.17	   -0.17	   -0.17	   -0.17	   -0.17	   -0.18	   -0.18	   -0.18	   -0.15	   -0.15	   -0.15	   -0.15	   -0.15	   -0.14	   -0.11	   -0.11	   -0.11	   -0.10	   -0.10	   -0.11	   -0.10	   -0.10	   -0.09	   -0.10	   -0.10	   -0.10	   -0.09	   -0.09	   -0.09	   -0.11	   -0.11	   -0.11	   -0.10	   -0.10	   -0.10	   -0.10	   -0.12	   -0.11	   -0.11	   -0.11	   -0.11	   -0.10	   -0.10	   -0.12	   -0.10	   -0.10	   -0.10	   -0.12	   -0.12	   -0.12	   -0.15	   -0.12	   -0.12	   -0.12	   -0.15	   -0.12
                    cor_dir.dat 	  0.88 	  0.89 	  0.84 	  0.89 	  0.13 	  0.82 	  0.74 	 -0.44  
                 StepPoints.dat 	 0.15 	 0.48 	 0.50 	 0.52 	 0.53 	 0.52 	 0.52 	 0.47 	 0.50 	 0.48 	 0.59 	 0.44 	 0.50 	 0.47 	 0.45 	 0.53 	 0.56
                 PointsComp.dat 	 0.12
                dir_changes.dat	    0.00	    0.14	    0.00	    0.05	    0.00	    0.02	    0.00	    0.00	    0.03	    0.00	    0.00	    0.00	    0.00	   -0.01	    0.00	   -0.00	    0.03	    0.00	    0.01	    0.00	    0.00	    0.01	    0.02	    0.00	    0.00	    0.01	    0.00	   -0.01	    0.01	    0.00	    0.01	   -0.02	    0.00	    0.00	    0.01	    0.00	    0.00	   -0.02	    0.00	    0.00	    0.01	    0.00	    0.00	    0.00	   -0.02	    0.01	    0.00	    0.00	    0.00	    0.01	    0.00	   -0.02	    0.02	    0.00	    0.00	   -0.02	    0.00	    0.00	   -0.02	    0.02	    0.00	    0.00	   -0.02	    0.02
            cor_dir_changes.dat 	  0.69 	  0.70 	  0.55 	  0.00 	 -0.13 	  0.00 	  0.26 	 -0.13  
