D:\Арсен 20-06-11\Новая папка (2)\CRYOTON\AVERAGED\00001207.000\00001207.R0l 
20 30
64 766
163
378
583
748
846
852
737
514
253
7
-168
-220
-95
205
594
999
1347
1566
1584
1418
1160
845
508
188
-81
-202
-127
106
464
909
1407
532
747
948
1109
1207
1216
1111
938
730
533
391
350
453
678
978
1299
1584
1778
1826
1736
1571
1357
1123
897
705
582
605
746
979
1274
1604
868
1079
1274
1430
1525
1535
1440
1303
1136
974
854
810
877
1030
1245
1485
1711
1884
1965
1950
1877
1764
1632
1499
1386
1276
1264
1328
1451
1612
1791
1146
1356
1547
1698
1791
1805
1720
1608
1472
1336
1227
1171
1193
1273
1405
1565
1732
1884
1999
2059
2077
2065
2034
1995
1958
1879
1847
1851
1879
1921
1966
1344
1556
1747
1900
1995
2017
1946
1854
1741
1625
1521
1445
1415
1421
1467
1545
1652
1782
1929
2062
2172
2260
2329
2382
2422
2389
2353
2311
2262
2202
2128
1438
1661
1861
2021
2127
2164
2116
2039
1947
1846
1743
1645
1558
1487
1442
1434
1476
1579
1754
1960
2160
2347
2516
2660
2776
2804
2780
2710
2598
2451
2274
1407
1651
1870
2049
2176
2240
2226
2164
2091
2005
1903
1781
1639
1482
1340
1240
1210
1279
1475
1753
2041
2326
2594
2829
3019
3125
3128
3044
2886
2668
2404
1278
1587
1861
2086
2244
2320
2299
2256
2201
2127
2028
1898
1730
1465
1218
1029
934
971
1178
1513
1874
2242
2599
2924
3201
3334
3342
3244
3060
2808
2506
1114
1489
1822
2093
2284
2376
2349
2328
2293
2233
2140
2003
1812
1439
1091
814
655
662
882
1266
1691
2134
2572
2980
3336
3499
3515
3408
3201
2919
2584
938
1375
1761
2074
2293
2395
2358
2342
2310
2249
2145
1985
1755
1280
836
477
261
243
481
914
1404
1922
2440
2931
3365
3574
3614
3514
3302
3005
2652
775
1261
1688
2031
2265
2364
2305
2259
2196
2100
1951
1733
1429
863
332
-98
-361
-393
-127
361
922
1523
2130
2710
3231
3514
3607
3542
3352
3069
2727
650
1165
1613
1966
2195
2273
2172
2043
1897
1711
1464
1136
705
62
-541
-1029
-1326
-1358
-1049
-489
159
857
1567
2252
2875
3274
3460
3471
3344
3116
2826
587
1104
1546
1882
2080
2109
1939
1656
1354
1008
592
83
-546
-1248
-1905
-2433
-2746
-2759
-2390
-1734
-976
-157
679
1492
2240
2808
3140
3280
3269
3149
2964
591
1127
1578
1901
2050
1979
1644
1112
553
-42
-690
-1399
-2183
-2971
-3671
-4204
-4492
-4454
-4013
-3220
-2330
-1382
-417
526
1409
2113
2598
2904
3070
3135
3140
644
1189
1642
1944
2036
1857
1349
555
-271
-1130
-2020
-2941
-3892
-4755
-5487
-6015
-6266
-6167
-5643
-4717
-3700
-2629
-1541
-471
542
1388
2032
2510
2860
3117
3319
727
1279
1730
2008
2039
1750
1066
18
-1069
-2182
-3308
-4433
-5542
-6472
-7228
-7744
-7950
-7781
-7168
-6124
-4996
-3816
-2620
-1440
-311
668
1463
2106
2631
3072
3462
827
1386
1837
2092
2064
1665
806
-467
-1787
-3128
-4462
-5763
-7003
-7995
-8771
-9269
-9428
-9184
-8477
-7340
-6125
-4862
-3583
-2318
-1098
-7
914
1699
2376
2977
3533
926
1499
1955
2194
2113
1610
583
-869
-2376
-3896
-5391
-6820
-8145
-9198
-9993
-10472
-10580
-10260
-9457
-8263
-6996
-5685
-4358
-3043
-1767
-603
408
1295
2086
2810
3493
1010
1607
2080
2313
2189
1593
409
-1156
-2782
-4415
-6004
-7495
-8838
-9953
-10768
-11230
-11290
-10896
-10000
-8792
-7519
-6204
-4874
-3553
-2267
-1082
-34
903
1755
2548
3306
1056
1595
2016
2208
2059
1460
300
-1282
-2924
-4573
-6179
-7688
-9049
-10089
-10842
-11263
-11308
-10931
-10088
-8905
-7663
-6387
-5098
-3818
-2571
-1413
-376
560
1421
2228
3004
1059
1560
1948
2117
1963
1379
262
-1285
-2892
-4506
-6076
-7551
-8880
-9848
-10544
-10927
-10961
-10605
-9821
-8692
-7514
-6308
-5092
-3885
-2707
-1611
-621
280
1115
1901
2658
1028
1507
1878
2041
1898
1347
288
-1182
-2711
-4248
-5741
-7140
-8395
-9294
-9935
-10283
-10308
-9975
-9252
-8205
-7117
-6007
-4890
-3782
-2701
-1694
-780
58
838
1576
2288
970
1441
1809
1981
1863
1358
374
-988
-2408
-3835
-5219
-6511
-7659
-8490
-9076
-9391
-9408
-9099
-8438
-7494
-6518
-5526
-4529
-3542
-2579
-1682
-863
-107
597
1266
1911
893
1368
1746
1938
1856
1410
511
-720
-2008
-3303
-4556
-5717
-6738
-7499
-8031
-8312
-8320
-8034
-7434
-6609
-5762
-4904
-4045
-3195
-2366
-1593
-882
-223
394
981
1547
806
1293
1690
1913
1877
1499
696
-392
-1537
-2688
-3798
-4816
-5696
-6386
-6861
-7104
-7102
-6838
-6297
-5603
-4896
-4183
-3473
-2773
-2090
-1444
-847
-290
233
733
1215
728
1245
1675
1936
1948
1633
910
-48
-1067
-2094
-3077
-3966
-4707
-5306
-5700
-5887
-5863
-5626
-5173
-4600
-4030
-3466
-2908
-2358
-1818
-1322
-841
-373
82
527
963
671
1218
1680
1979
2041
1788
1146
290
-629
-1558
-2443
-3228
-3858
-4357
-4663
-4784
-4730
-4511
-4138
-3677
-3237
-2813
-2399
-1992
-1585
-1215
-825
-422
-11
404
818
626
1206
1703
2044
2156
1969
1410
641
-197
-1046
-1850
-2548
-3084
-3477
-3686
-3735
-3644
-3437
-3135
-2784
-2470
-2183
-1910
-1642
-1366
-1104
-790
-435
-51
351
761
587
1204
1740
2127
2296
2179
1708
1018
254
-522
-1251
-1871
-2319
-2600
-2708
-2679
-2546
-2344
-2110
-1869
-1684
-1535
-1405
-1278
-1135
-972
-723
-407
-40
358
773
544
1206
1789
2229
2462
2422
2046
1437
750
48
-602
-1140
-1500
-1665
-1667
-1556
-1376
-1177
-1006
-883
-832
-829
-849
-869
-865
-799
-614
-334
15
413
834
491
1207
1846
2349
2654
2702
2431
1916
1318
704
141
-302
-560
-606
-501
-305
-78
121
232
224
129
-23
-204
-384
-532
-567
-452
-214
114
505
928
