                   00001207.B0l 1
                      g_glb.dat 	   5.14 	   2.57 	   1.00 	   1.57 	   2.71 	   0.50 	   0.57 	   1.64
                      g_dir.dat 	   0.00 	  -9.00 	   2.00
                     g_step.dat 	   1.97 	  34.00 	  15.00 	  11.00 	   1.27 	   4.00 	   8.00 	  23.00
                    max_min.dat	    0.29	    0.30	    0.31	    0.31	    0.31	    0.29	    0.26	    0.21	    0.22	    0.27	    0.36	    0.49	    0.69	    0.88	    0.99	    0.99	    0.92	    0.83	    0.75	    0.71	    0.71	    0.75	    0.82	    0.91	    1.02	    1.10	    1.13	    1.12	    1.07	    1.00	    0.92	    0.85	    0.85	    0.84	    0.81	    0.80	    0.78	    0.77	    0.76	    0.75	    0.75	    0.74	    0.74	    0.74	    0.75	    0.75	    0.75	    0.75	    0.78	    0.79	    0.80	    0.79	    0.77	    0.74	    0.70	    0.66	    0.60	    0.56	    0.50	    0.46	    0.41	    0.38	    0.34	    0.33
                    cor_max.dat 	  0.39 	  0.34 	  0.47 	  0.44 	  0.69 	  0.74 	  0.70 	  0.61  
                     correl.dat	    0.28	    0.47	    0.50	    0.51	    0.52	    0.54	    0.54	    0.55	    0.56	    0.58	    0.61	    0.67	    0.73	    0.71	    0.70	    0.73	    0.77	    0.79	    0.78	    0.77	    0.78	    0.80	    0.83	    0.86	    0.86	    0.85	    0.84	    0.84	    0.85	    0.86	    0.87	    0.88	    0.88	    0.88	    0.88	    0.88	    0.88	    0.88	    0.88	    0.88	    0.87	    0.87	    0.86	    0.86	    0.85	    0.85	    0.84	    0.83	    0.82	    0.81	    0.80	    0.80	    0.79	    0.78	    0.78	    0.77	    0.76	    0.76	    0.74	    0.73	    0.71	    0.69	    0.67	    0.65
               max_minValue.dat	   -0.53	   -0.18	   -0.77	   -0.99	   -0.85	   -0.75	  263.00	 -907.00	  268.00	 -882.00	  280.00	 -899.00	  281.00	 -921.00	  291.00	 -949.00	  291.00	 -989.00	  277.00	 -1075.00	  249.00	 -1169.00	  273.00	 -1218.00	  324.00	 -1205.00	  401.00	 -1128.00	  503.00	 -1018.00	  633.00	 -920.00	  775.00	 -881.00	  921.00	 -931.00	 1062.00	 -1078.00	 1178.00	 -1280.00	 1318.00	 -1591.00	 1461.00	 -1949.00	 1629.00	 -2295.00	 1834.00	 -2585.00	 2091.00	 -2796.00	 2404.00	 -2930.00	 2762.00	 -3019.00	 3147.00	 -3100.00	 3524.00	 -3217.00	 3808.00	 -3367.00	 4072.00	 -3626.00	 4229.00	 -3950.00	 4268.00	 -4286.00	 4193.00	 -4559.00	 4022.00	 -4708.00	 4022.00	 -4708.00	 3947.00	 -4721.00	 3816.00	 -4705.00	 3721.00	 -4671.00	 3566.00	 -4579.00	 3455.00	 -4496.00	 3282.00	 -4335.00	 3160.00	 -4205.00	 2973.00	 -3986.00	 2843.00	 -3824.00	 2649.00	 -3563.00	 2517.00	 -3382.00	 2319.00	 -3105.00	 2186.00	 -2920.00	 1990.00	 -2653.00	 1865.00	 -2479.00	 1741.00	 -2234.00	 1646.00	 -2083.00	 1493.00	 -1873.00	 1386.00	 -1746.00	 1222.00	 -1591.00	 1112.00	 -1497.00	  955.00	 -1368.00	  855.00	 -1290.00	  714.00	 -1185.00	  627.00	 -1119.00	  512.00	 -1034.00	  452.00	 -979.00	  369.00	 -901.00	  321.00	 -852.00	  268.00	 -781.00	  242.00	 -732.00
                    cor_cor.dat 	  0.79 	  0.77 	  0.79 	  0.81 	  0.97 	  0.98 	  0.96 	  0.96  
                  direction.dat	    0.94	   -0.90	   -0.15	   -0.17	   -0.19	   -0.13	   -0.11	   -0.10	   -0.10	   -0.11	   -0.11	   -0.11	   -0.12	   -0.13	   -0.12	   -0.12	   -0.12	   -0.11	   -0.10	   -0.10	   -0.10	   -0.08	   -0.09	   -0.09	   -0.09	   -0.09	   -0.09	   -0.09	   -0.07	   -0.06	   -0.06	   -0.06	   -0.06	   -0.06	   -0.06	   -0.06	   -0.06	   -0.06	   -0.06	   -0.06	   -0.06	   -0.06	   -0.06	   -0.09	   -0.09	   -0.14	   -0.14	   -0.19	   -0.19	   -0.18	   -0.18	   -0.19	   -0.19	   -0.17	   -0.17	   -0.14	   -0.17	   -0.17	    0.03	    0.02	    0.02	    0.02	   -0.02	   -0.20
                    cor_dir.dat 	 -0.24 	 -0.38 	  0.94 	  0.85 	  0.27 	  0.95 	  0.60 	 -0.31  
                 StepPoints.dat 	 0.16 	 0.59 	 0.69 	 0.62 	 0.52 	 0.52 	 0.55 	 0.48 	 0.59 	 0.55 	 0.58 	 0.45 	 0.50 	 0.50 	 0.53 	 0.45 	 0.58
                 PointsComp.dat 	 0.14
                dir_changes.dat	    0.00	   -1.84	    0.76	   -0.02	   -0.02	    0.05	    0.02	    0.01	    0.00	   -0.01	    0.00	    0.00	   -0.01	   -0.01	    0.01	    0.00	    0.00	    0.01	    0.01	    0.00	    0.00	    0.02	   -0.01	    0.00	    0.00	    0.00	    0.00	    0.00	    0.02	    0.01	    0.00	    0.00	    0.00	    0.00	    0.00	    0.00	    0.00	    0.00	    0.00	    0.00	    0.00	    0.00	    0.00	   -0.03	    0.00	   -0.05	    0.00	   -0.05	    0.00	    0.00	    0.00	   -0.00	    0.00	    0.02	    0.00	    0.03	   -0.03	    0.00	    0.20	   -0.02	    0.00	    0.00	   -0.03	   -0.19
            cor_dir_changes.dat 	 -0.37 	 -0.37 	 -0.43 	 -0.00 	 -0.15 	  0.00 	 -0.33 	 -0.14  
