D:\SOFTMAG\cryoton\averaged\00002001.000\00002001.R0l 
20 30
64 760
2568
3265
3920
4467
4839
4968
4788
4332
3769
3232
2852
2764
3100
3826
4723
5647
6454
6998
7137
6855
6285
5499
4569
3568
2568
1760
1242
942
787
704
623
2372
3046
3682
4229
4637
4856
4834
4592
4258
3936
3731
3745
4084
4666
5371
6083
6684
7061
7096
6737
6142
5370
4479
3527
2572
1852
1361
1041
833
680
524
2164
2806
3414
3953
4390
4690
4819
4769
4643
4517
4466
4563
4883
5336
5862
6374
6785
7007
6952
6525
5916
5169
4327
3433
2533
1907
1448
1113
858
639
413
1940
2538
3105
3623
4074
4442
4709
4836
4904
4958
5045
5209
5497
5830
6186
6508
6736
6813
6678
6206
5605
4904
4133
3322
2499
1961
1531
1177
870
582
282
1699
2234
2741
3220
3668
4086
4471
4766
5017
5243
5458
5680
5925
6141
6332
6469
6519
6455
6244
5762
5204
4586
3921
3227
2517
2055
1639
1253
881
510
123
1438
1887
2311
2727
3149
3593
4074
4532
4962
5354
5693
5968
6166
6266
6292
6242
6116
5910
5624
5179
4712
4223
3714
3183
2634
2225
1801
1360
901
424
-71
1155
1489
1802
2127
2495
2937
3486
4107
4717
5275
5739
6068
6220
6198
6054
5815
5506
5154
4788
4442
4126
3827
3532
3227
2899
2511
2047
1519
941
326
-311
865
1077
1276
1504
1804
2215
2781
3540
4309
5024
5620
6033
6197
5983
5616
5157
4670
4217
3860
3685
3585
3528
3483
3419
3304
2992
2506
1875
1131
306
-569
580
664
745
872
1099
1476
2055
2946
3869
4736
5459
5951
6123
5725
5143
4475
3819
3272
2934
2935
3054
3242
3452
3632
3735
3496
2983
2246
1333
294
-822
284
238
196
220
371
710
1299
2296
3347
4341
5165
5711
5865
5301
4523
3663
2856
2235
1933
2106
2442
2874
3335
3758
4076
3924
3400
2570
1503
264
-1079
-36
-214
-380
-462
-390
-91
505
1562
2695
3768
4648
5200
5290
4588
3641
2618
1687
1019
782
1118
1662
2327
3030
3686
4210
4177
3674
2785
1595
188
-1349
-395
-707
-998
-1188
-1195
-937
-335
715
1862
2948
3815
4307
4266
3463
2385
1234
218
-460
-595
-111
623
1506
2435
3308
4021
4158
3726
2827
1565
41
-1640
-807
-1252
-1669
-1967
-2053
-1838
-1229
-273
799
1809
2577
2920
2660
1803
639
-590
-1646
-2288
-2275
-1666
-763
314
1446
2513
3394
3767
3474
2634
1368
-204
-1963
-1246
-1690
-2114
-2443
-2602
-2518
-2115
-1385
-549
232
800
992
648
-258
-1421
-2615
-3613
-4192
-4125
-3341
-2284
-1066
199
1400
2424
2834
2616
1882
745
-682
-2287
-1671
-2100
-2518
-2866
-3085
-3120
-2911
-2431
-1855
-1324
-980
-963
-1413
-2348
-3488
-4623
-5543
-6037
-5894
-4968
-3790
-2466
-1100
201
1334
1807
1690
1089
107
-1147
-2572
-2068
-2469
-2866
-3217
-3483
-3621
-3592
-3366
-3056
-2782
-2667
-2829
-3391
-4336
-5436
-6496
-7318
-7709
-7473
-6445
-5186
-3795
-2369
-1005
196
749
749
295
-513
-1582
-2810
-2425
-2781
-3140
-3479
-3774
-4000
-4133
-4148
-4091
-4062
-4162
-4491
-5152
-6094
-7141
-8111
-8824
-9098
-8755
-7670
-6376
-4964
-3523
-2144
-917
-280
-157
-457
-1090
-1965
-2992
-2731
-3022
-3325
-3633
-3938
-4232
-4510
-4735
-4899
-5083
-5368
-5833
-6561
-7492
-8477
-9348
-9942
-10092
-9633
-8543
-7265
-5883
-4479
-3135
-1935
-1220
-979
-1131
-1592
-2279
-3110
-2972
-3177
-3403
-3659
-3954
-4296
-4697
-5083
-5420
-5767
-6187
-6739
-7486
-8401
-9318
-10087
-10558
-10579
-10000
-8962
-7758
-6463
-5153
-3903
-2788
-2008
-1666
-1685
-1989
-2504
-3155
-3141
-3319
-3516
-3745
-4015
-4337
-4722
-5184
-5604
-6032
-6522
-7126
-7894
-8681
-9465
-10111
-10486
-10457
-9891
-8944
-7852
-6681
-5499
-4371
-3366
-2577
-2176
-2097
-2273
-2637
-3123
-3246
-3388
-3549
-3743
-3980
-4274
-4637
-5124
-5577
-6036
-6546
-7150
-7889
-8563
-9226
-9762
-10056
-9991
-9451
-8598
-7621
-6578
-5528
-4527
-3634
-2875
-2456
-2319
-2406
-2659
-3020
-3291
-3391
-3510
-3663
-3862
-4121
-4455
-4926
-5369
-5819
-6307
-6869
-7538
-8110
-8664
-9102
-9325
-9235
-8733
-7975
-7114
-6200
-5282
-4408
-3629
-2934
-2531
-2371
-2403
-2579
-2850
-3284
-3336
-3408
-3514
-3669
-3889
-4188
-4611
-5013
-5419
-5854
-6343
-6909
-7387
-7841
-8190
-8352
-8246
-7791
-7126
-6379
-5591
-4802
-4054
-3386
-2785
-2427
-2272
-2279
-2408
-2617
-3231
-3231
-3250
-3305
-3412
-3588
-3848
-4199
-4537
-4877
-5235
-5627
-6068
-6459
-6820
-7087
-7195
-7080
-6678
-6100
-5462
-4795
-4131
-3502
-2941
-2457
-2168
-2043
-2049
-2154
-2326
-3137
-3082
-3046
-3047
-3102
-3230
-3449
-3713
-3973
-4233
-4500
-4781
-5082
-5391
-5664
-5853
-5911
-5792
-5449
-4950
-4412
-3858
-3310
-2793
-2330
-1982
-1781
-1704
-1727
-1827
-1981
-3019
-2917
-2834
-2786
-2790
-2863
-3021
-3199
-3374
-3551
-3733
-3924
-4129
-4368
-4576
-4709
-4727
-4586
-4245
-3807
-3343
-2874
-2421
-2005
-1647
-1352
-1199
-1168
-1237
-1386
-1592
-2885
-2738
-2608
-2512
-2465
-2484
-2583
-2696
-2810
-2926
-3045
-3169
-3299
-3463
-3601
-3676
-3649
-3483
-3140
-2742
-2332
-1928
-1549
-1214
-942
-697
-590
-602
-715
-910
-1167
-2730
-2536
-2360
-2216
-2118
-2082
-2122
-2184
-2249
-2317
-2386
-2456
-2526
-2613
-2680
-2693
-2619
-2426
-2079
-1704
-1330
-974
-653
-382
-178
13
72
13
-146
-389
-700
-2547
-2306
-2082
-1888
-1738
-1646
-1626
-1639
-1660
-1684
-1709
-1729
-1741
-1752
-1747
-1699
-1579
-1359
-1008
-642
-291
30
309
531
680
811
813
699
485
184
-188
-2330
-2039
-1764
-1519
-1315
-1165
-1081
-1042
-1014
-989
-963
-928
-879
-815
-742
-635
-472
-226
125
493
833
1133
1380
1563
1669
1726
1657
1476
1193
821
373
-2073
-1728
-1400
-1100
-838
-626
-477
-371
-279
-192
-100
2
128
261
398
558
761
1027
1376
1754
2091
2377
2601
2753
2825
2788
2631
2362
1992
1532
990
