                   00002001.B0l 1
                      g_glb.dat 	  10.93 	   5.71 	   1.29 	   3.36 	   4.21 	   2.14 	   0.57 	   1.50
                      g_dir.dat 	  29.00 	   0.00 	  13.00
                     g_step.dat 	   3.92 	  78.00 	  24.00 	  29.00 	   2.58 	  27.00 	  12.00 	  23.00
                    max_min.dat	    0.78	    0.86	    0.88	    0.86	    0.72	    0.60	    0.54	    0.56	    0.61	    0.67	    0.71	    0.88	    1.09	    1.17	    1.13	    1.01	    0.89	    0.82	    0.79	    0.83	    0.91	    0.98	    0.97	    0.91	    0.81	    0.70	    0.60	    0.49	    0.40	    0.29	    0.25	    0.21	    0.21	    0.21	    0.20	    0.20	    0.19	    0.19	    0.20	    0.20	    0.21	    0.21	    0.22	    0.23	    0.24	    0.25	    0.26	    0.28	    0.29	    0.31	    0.32	    0.33	    0.34	    0.35	    0.36	    0.36	    0.37	    0.40	    0.43	    0.49	    0.53	    0.58	    0.65	    0.71
                    cor_max.dat 	  0.63 	  0.57 	  0.73 	  0.69 	  0.46 	  0.38 	  0.43 	  0.57  
                     correl.dat	    0.52	    0.55	    0.55	    0.59	    0.62	    0.65	    0.65	    0.65	    0.64	    0.62	    0.59	    0.56	    0.54	    0.54	    0.56	    0.58	    0.61	    0.62	    0.61	    0.60	    0.58	    0.58	    0.60	    0.64	    0.68	    0.73	    0.77	    0.80	    0.82	    0.83	    0.84	    0.85	    0.85	    0.85	    0.85	    0.85	    0.85	    0.85	    0.84	    0.84	    0.84	    0.83	    0.83	    0.82	    0.82	    0.81	    0.80	    0.80	    0.79	    0.79	    0.78	    0.77	    0.77	    0.76	    0.75	    0.74	    0.73	    0.72	    0.71	    0.70	    0.68	    0.67	    0.65	    0.63
               max_minValue.dat	   -0.28	   -0.43	   -0.24	    1.01	   -0.21	   -0.28	  574.00	 -733.00	  666.00	 -775.00	  654.00	 -739.00	  634.00	 -733.00	  586.00	 -815.00	  554.00	 -931.00	  544.00	 -1016.00	  598.00	 -1066.00	  645.00	 -1053.00	  659.00	 -990.00	  640.00	 -906.00	  712.00	 -806.00	  796.00	 -733.00	  843.00	 -723.00	  864.00	 -762.00	  854.00	 -842.00	  842.00	 -948.00	  844.00	 -1026.00	  863.00	 -1087.00	  929.00	 -1113.00	 1028.00	 -1131.00	 1142.00	 -1169.00	 1208.00	 -1240.00	 1233.00	 -1361.00	 1221.00	 -1507.00	 1195.00	 -1702.00	 1150.00	 -1910.00	 1079.00	 -2183.00	  981.00	 -2480.00	  836.00	 -2866.00	  794.00	 -3201.00	  747.00	 -3536.00	  747.00	 -3536.00	  739.00	 -3604.00	  733.00	 -3667.00	  730.00	 -3721.00	  729.00	 -3742.00	  732.00	 -3759.00	  738.00	 -3749.00	  746.00	 -3719.00	  752.00	 -3635.00	  761.00	 -3560.00	  769.00	 -3462.00	  770.00	 -3351.00	  772.00	 -3215.00	  766.00	 -3074.00	  767.00	 -2925.00	  773.00	 -2759.00	  761.00	 -2595.00	  753.00	 -2431.00	  725.00	 -2265.00	  698.00	 -2089.00	  662.00	 -1929.00	  617.00	 -1767.00	  574.00	 -1612.00	  532.00	 -1471.00	  471.00	 -1268.00	  458.00	 -1139.00	  443.00	 -1020.00	  440.00	 -906.00	  429.00	 -811.00	  418.00	 -715.00	  409.00	 -627.00	  389.00	 -545.00
                    cor_cor.dat 	  0.86 	  0.86 	  0.86 	  0.87 	  0.95 	  0.96 	  0.94 	  0.95  
                  direction.dat	    0.71	    0.30	    0.15	    0.17	    0.19	    0.27	    0.27	    0.32	    0.33	    0.33	    0.32	    0.27	    0.22	    0.22	    0.22	    0.25	    0.25	    0.25	    0.28	    0.28	    0.28	    0.28	    0.25	    0.19	    0.13	    0.13	    0.13	    0.12	    0.17	    0.18	    0.17	    0.15	    0.15	    0.15	    0.15	    0.15	    0.15	    0.23	    0.23	    0.23	    0.23	    0.19	    0.15	    0.15	    0.16	    0.16	    0.16	    0.15	    0.13	    0.13	    0.13	    0.13	    0.13	    0.13	    0.15	    0.17	    0.25	    0.25	    0.25	    0.25	    0.25	    0.25	    0.25	    0.25
                    cor_dir.dat 	 -0.78 	 -0.83 	 -0.83 	 -0.68 	  0.11 	 -0.60 	 -0.65 	  0.52  
                 StepPoints.dat 	 0.28 	 0.61 	 0.70 	 0.50 	 0.50 	 0.70 	 0.56 	 0.53 	 0.55 	 0.56 	 0.64 	 0.61 	 0.48 	 0.56 	 0.59 	 0.52 	 0.56
                 PointsComp.dat 	 0.27
                dir_changes.dat	    0.00	   -0.41	   -0.14	    0.01	    0.03	    0.08	   -0.00	    0.04	    0.02	    0.00	   -0.02	   -0.04	   -0.05	    0.00	    0.00	    0.03	    0.00	    0.00	    0.03	    0.00	    0.00	    0.00	   -0.03	   -0.06	   -0.06	    0.00	    0.00	   -0.01	    0.06	    0.01	   -0.01	   -0.02	    0.00	    0.00	    0.00	    0.00	    0.00	    0.08	    0.00	    0.00	    0.00	   -0.04	   -0.04	    0.00	    0.01	    0.00	    0.00	   -0.01	   -0.02	    0.00	    0.00	    0.00	    0.00	    0.00	    0.02	    0.02	    0.08	    0.00	    0.00	    0.00	    0.00	    0.00	    0.00	    0.00
            cor_dir_changes.dat 	 -0.77 	 -0.80 	  0.29 	  0.00 	 -0.05 	  0.00 	 -0.43 	  0.00  
