D:\SOFTMAG\cryoton\averaged\00001902.000\00001902.R0l 
20 30
64 831
1528
1259
1039
855
697
553
414
260
117
32
54
234
621
1188
1832
2480
3060
3501
3730
3774
3734
3645
3543
3464
3445
3580
3918
4423
5059
5790
6580
1127
854
634
465
344
271
242
252
276
355
532
847
1342
1960
2625
3272
3834
4246
4441
4483
4438
4341
4224
4120
4062
4092
4300
4652
5117
5661
6251
731
454
236
83
2
0
82
246
429
664
985
1427
2022
2684
3365
4004
4542
4919
5075
5110
5058
4950
4816
4684
4586
4525
4616
4831
5140
5511
5916
317
38
-175
-309
-349
-277
-81
229
564
947
1406
1966
2654
3361
4059
4692
5207
5550
5667
5690
5625
5499
5340
5175
5030
4889
4876
4965
5128
5339
5570
-138
-415
-621
-733
-727
-578
-263
188
667
1193
1783
2456
3231
3993
4715
5351
5852
6171
6259
6257
6168
6014
5819
5609
5406
5194
5086
5057
5084
5143
5210
-660
-929
-1122
-1207
-1150
-919
-481
106
727
1390
2108
2890
3747
4579
5343
5998
6502
6812
6886
6846
6717
6520
6275
6004
5728
5451
5254
5114
5010
4923
4831
-1269
-1524
-1699
-1750
-1637
-1317
-751
-28
730
1529
2371
3259
4196
5122
5952
6650
7179
7504
7590
7491
7303
7043
6728
6378
6010
5671
5387
5138
4908
4678
4430
-1932
-2144
-2274
-2276
-2106
-1716
-1063
-218
660
1575
2529
3522
4557
5595
6523
7301
7889
8248
8337
8169
7904
7562
7163
6726
6271
5806
5402
5041
4702
4366
4013
-2590
-2759
-2846
-2801
-2574
-2117
-1378
-423
563
1582
2635
3721
4842
5995
7025
7887
8537
8933
9029
8793
8453
8031
7547
7025
6486
5900
5384
4917
4478
4043
3591
-3219
-3346
-3390
-3298
-3015
-2489
-1665
-610
473
1586
2727
3896
5092
6347
7464
8397
9096
9514
9604
9302
8888
8387
7821
7216
6594
5904
5294
4739
4215
3699
3166
-3801
-3883
-3883
-3741
-3401
-2804
-1893
-747
424
1621
2842
4085
5347
6673
7848
8819
9536
9946
9999
9633
9148
8570
7924
7237
6534
5769
5091
4475
3895
3325
2740
-4315
-4349
-4299
-4105
-3703
-3032
-2030
-801
451
1725
3018
4327
5648
6997
8180
9143
9829
10184
10152
9724
9170
8517
7794
7028
6247
5444
4738
4099
3501
2915
2314
-4740
-4720
-4616
-4363
-3894
-3144
-2046
-739
588
1933
3292
4661
6036
7342
8469
9357
9948
10182
10000
9512
8892
8168
7371
6529
5673
4881
4193
3580
3011
2458
1891
-5067
-4965
-4790
-4473
-3943
-3127
-1956
-535
905
2347
3770
5156
6486
7655
8630
9359
9793
9882
9577
8945
8219
7424
6584
5725
4872
4128
3490
2932
2429
1957
1491
-5309
-5129
-4890
-4515
-3928
-3054
-1816
-293
1247
2772
4247
5637
6908
7917
8714
9259
9513
9433
8981
8218
7399
6547
5679
4818
3982
3306
2736
2253
1836
1465
1120
-5472
-5224
-4928
-4503
-3868
-2943
-1646
-41
1579
3167
4673
6047
7240
8079
8690
9042
9105
8848
8239
7362
6469
5576
4699
3852
3051
2451
1958
1558
1235
973
757
-5565
-5258
-4916
-4453
-3781
-2816
-1471
189
1864
3488
4999
6331
7420
8094
8524
8689
8567
8138
7379
6409
5463
4552
3685
2875
2130
1602
1183
862
628
472
382
-5594
-5243
-4868
-4379
-3683
-2691
-1311
371
2066
3694
5176
6433
7384
7915
8185
8183
7897
7316
6428
5391
4417
3512
2682
1932
1269
797
435
178
19
-47
-27
-5569
-5189
-4797
-4297
-3593
-2589
-1191
474
2150
3742
5156
6297
7072
7494
7640
7507
7093
6396
5414
4338
3365
2495
1730
1070
518
75
-256
-477
-590
-594
-492
-5515
-5081
-4643
-4116
-3412
-2446
-1132
420
1978
3454
4760
5808
6510
6786
6809
6582
6105
5382
4413
3419
2524
1726
1024
419
-91
-470
-758
-954
-1056
-1065
-978
-5454
-4977
-4506
-3962
-3270
-2353
-1136
287
1712
3056
4238
5176
5789
5956
5894
5609
5107
4394
3476
2573
1766
1050
423
-117
-575
-906
-1166
-1351
-1460
-1488
-1433
-5380
-4872
-4377
-3828
-3158
-2301
-1191
91
1369
2569
3614
4430
4941
5028
4910
4597
4099
3425
2587
1785
1074
449
-94
-562
-959
-1251
-1492
-1677
-1801
-1859
-1845
-5291
-4761
-4252
-3706
-3068
-2281
-1287
-155
968
2013
2912
3596
3996
4025
3873
3554
3082
2470
1733
1038
431
-96
-550
-939
-1268
-1525
-1751
-1939
-2082
-2173
-2204
-5183
-4638
-4123
-3589
-2991
-2281
-1411
-436
525
1410
2157
2704
2986
2972
2800
2489
2057
1522
901
318
-181
-606
-967
-1270
-1526
-1747
-1956
-2145
-2304
-2425
-2499
-5051
-4499
-3984
-3470
-2918
-2292
-1554
-738
59
781
1374
1779
1943
1891
1707
1411
1026
574
77
-391
-780
-1101
-1363
-1580
-1761
-1935
-2119
-2300
-2468
-2611
-2720
-4885
-4346
-3849
-3363
-2860
-2310
-1684
-1026
-388
179
626
899
948
853
648
359
9
-377
-777
-1156
-1452
-1676
-1840
-1956
-2036
-2178
-2333
-2489
-2633
-2753
-2838
-4680
-4157
-3678
-3224
-2771
-2299
-1786
-1276
-786
-363
-52
98
44
-118
-365
-671
-1009
-1354
-1679
-1974
-2181
-2312
-2382
-2402
-2387
-2465
-2559
-2657
-2744
-2810
-2839
-4440
-3935
-3479
-3058
-2660
-2269
-1873
-1504
-1155
-868
-686
-649
-800
-1045
-1350
-1688
-2031
-2349
-2616
-2828
-2949
-2991
-2969
-2896
-2788
-2775
-2782
-2796
-2802
-2787
-2735
-4169
-3687
-3258
-2875
-2535
-2230
-1955
-1722
-1511
-1357
-1299
-1373
-1617
-1952
-2324
-2702
-3057
-3357
-3572
-3704
-3739
-3692
-3579
-3414
-3214
-3090
-2991
-2901
-2805
-2688
-2535
-3870
-3417
-3020
-2682
-2405
-2191
-2043
-1947
-1872
-1851
-1916
-2101
-2436
-2863
-3302
-3721
-4088
-4370
-4536
-4585
-4533
-4397
-4191
-3934
-3640
-3391
-3171
-2963
-2751
-2519
-2250
-3549
-3130
-2773
-2485
-2279
-2164
-2150
-2191
-2256
-2370
-2562
-2859
-3290
-3801
-4300
-4753
-5126
-5383
-5492
-5456
-5314
-5085
-4785
-4431
-4041
-3659
-3310
-2976
-2639
-2283
-1891
