                   00001902.B0l 1
                      g_glb.dat 	   6.79 	   4.21 	   1.50 	   1.07 	   3.93 	   1.79 	   1.36 	   0.79
                      g_dir.dat 	  90.00 	 -32.00 	  59.00
                     g_step.dat 	   3.63 	  58.00 	  36.00 	   7.00 	   2.09 	  27.00 	  27.00 	  13.00
                    max_min.dat	    0.65	    0.91	    0.92	    0.52	    0.50	    0.45	    0.42	    0.39	    0.39	    0.92	    1.77	    1.87	    1.25	    0.84	    0.71	    0.68	    0.74	    0.89	    1.07	    1.35	    1.55	    1.42	    1.20	    1.06	    0.96	    0.92	    0.92	    0.97	    1.03	    1.10	    1.14	    1.16	    1.16	    1.17	    1.17	    1.17	    1.17	    1.17	    1.17	    1.16	    1.16	    1.16	    1.16	    1.18	    1.20	    1.25	    1.33	    1.33	    1.34	    1.38	    1.44	    1.54	    1.60	    1.72	    1.82	    1.95	    2.04	    2.04	    2.04	    2.04	    2.03	    1.97	    1.91	    1.80
                    cor_max.dat 	  0.59 	  0.56 	  0.60 	  0.65 	  0.89 	  0.90 	  0.93 	  0.85  
                     correl.dat	   -0.41	   -0.38	   -0.34	   -0.22	   -0.13	   -0.19	   -0.26	   -0.31	   -0.32	   -0.19	    0.37	    0.55	    0.70	    0.74	    0.73	    0.72	    0.74	    0.78	    0.81	    0.81	    0.83	    0.87	    0.91	    0.92	    0.91	    0.89	    0.89	    0.91	    0.92	    0.93	    0.93	    0.93	    0.93	    0.92	    0.92	    0.92	    0.92	    0.92	    0.93	    0.93	    0.93	    0.93	    0.93	    0.92	    0.92	    0.91	    0.90	    0.89	    0.88	    0.86	    0.84	    0.81	    0.79	    0.76	    0.73	    0.71	    0.69	    0.69	    0.68	    0.68	    0.68	    0.69	    0.70	    0.71
               max_minValue.dat	    0.52	    0.15	    0.82	   -0.68	    1.16	    1.33	  240.00	 -369.00	  269.00	 -297.00	  252.00	 -275.00	  161.00	 -312.00	  193.00	 -388.00	  229.00	 -506.00	  238.00	 -567.00	  211.00	 -545.00	  167.00	 -424.00	  263.00	 -285.00	  314.00	 -177.00	  384.00	 -205.00	  419.00	 -336.00	  433.00	 -517.00	  444.00	 -628.00	  465.00	 -680.00	  490.00	 -661.00	  543.00	 -611.00	  630.00	 -589.00	  785.00	 -583.00	  985.00	 -635.00	 1160.00	 -818.00	 1335.00	 -1111.00	 1441.00	 -1359.00	 1519.00	 -1579.00	 1577.00	 -1711.00	 1625.00	 -1759.00	 1709.00	 -1760.00	 1798.00	 -1744.00	 1894.00	 -1727.00	 1944.00	 -1709.00	 1935.00	 -1665.00	 1935.00	 -1665.00	 1918.00	 -1641.00	 1885.00	 -1610.00	 1857.00	 -1586.00	 1810.00	 -1546.00	 1756.00	 -1501.00	 1690.00	 -1448.00	 1640.00	 -1410.00	 1561.00	 -1346.00	 1471.00	 -1270.00	 1379.00	 -1184.00	 1285.00	 -1088.00	 1224.00	 -1019.00	 1131.00	 -906.00	 1044.00	 -784.00	  961.00	 -721.00	  913.00	 -681.00	  843.00	 -611.00	  781.00	 -542.00	  730.00	 -474.00	  698.00	 -435.00	  657.00	 -381.00	  624.00	 -342.00	  594.00	 -304.00	  573.00	 -281.00	  554.00	 -272.00	  526.00	 -258.00	  502.00	 -246.00	  474.00	 -234.00	  450.00	 -229.00	  421.00	 -220.00	  386.00	 -215.00
                    cor_cor.dat 	 -0.58 	 -0.72 	 -0.46 	 -0.56 	  0.97 	  0.99 	  0.98 	  0.93  
                  direction.dat	   -0.51	   -0.54	   -0.55	   -0.56	   -0.91	   -0.91	   -0.91	   -0.91	   -0.56	   -0.55	    0.36	    0.31	    0.27	    0.27	    0.27	    0.30	    0.30	    0.32	    0.35	    0.35	    0.32	    0.30	    0.27	    0.27	    0.27	    0.27	    0.27	    0.30	    0.30	    0.27	    0.27	    0.27	    0.27	    0.27	    0.27	    0.27	    0.27	    0.27	    0.27	    0.27	    0.29	    0.29	    0.29	    0.29	    0.29	    0.29	    0.27	    0.27	    0.29	    0.29	    0.29	    0.27	    0.29	    0.29	    0.30	   -0.30	   -0.30	   -0.30	   -0.30	   -0.18	   -0.18	   -0.18	   -0.18	   -0.16
                    cor_dir.dat 	  0.49 	  0.73 	  0.43 	  0.44 	 -0.45 	 -0.50 	 -0.46 	 -0.41  
                 StepPoints.dat 	 0.27 	 0.58 	 0.61 	 0.59 	 0.67 	 0.56 	 0.55 	 0.56 	 0.61 	 0.52 	 0.64 	 0.52 	 0.61 	 0.58 	 0.64 	 0.39 	 0.56
                 PointsComp.dat 	 0.20
                dir_changes.dat	    0.00	   -0.02	   -0.01	   -0.02	   -0.35	    0.00	    0.00	    0.00	    0.35	    0.01	    0.91	   -0.05	   -0.03	    0.00	    0.00	    0.03	    0.00	    0.02	    0.02	    0.00	   -0.02	   -0.02	   -0.02	    0.00	    0.00	    0.00	    0.00	    0.02	    0.00	   -0.02	   -0.00	    0.00	    0.00	    0.00	    0.00	    0.00	    0.00	   -0.00	    0.00	    0.00	    0.02	   -0.00	    0.00	    0.00	    0.00	    0.00	   -0.02	    0.00	    0.02	    0.00	   -0.00	   -0.02	    0.02	    0.00	    0.02	   -0.60	    0.00	    0.00	    0.00	    0.11	    0.00	    0.00	    0.00	    0.02
            cor_dir_changes.dat 	 -0.20 	 -0.28 	 -0.22 	  0.00 	  0.03 	  0.00 	  0.28 	  0.02  
